32637459
32637460
32637461
32637462
32637463
32637464
32637465
32637466
32637467
32637468
32637469
32637470
32637471
32637472
32637473
32637474
32637475
32637476
32637477
32637478
32637479
32637480
32637481
32637482
32637483
32637484
32637485
32637486
32637487
32637488
32637489
32637490
32637491
32637492
32637493
32637494
32637495
32637496
32637497
32637498
32637499
32637500
32637501
32637502
32637503
32637504
32637505
32637506
32637507
32637508
32637509
32637510
32637511
32637512
32637513
32637514
32637515
32637516
32637517
32637518
32637519
32637520
32637521
32637522
32637523
32637524
32637525
32637526
32637527
32637528
32637529
32637530
32637531
32637532
32637533
32637534
32637535
32637536
32637537
32637538
32637539
32637540
32641310
32641311
32641312
32641313
32641314
32641315
32641316
32641317
32641318
32641319
32641320
32641321
32641322
32641323
32641324
32641325
32641326
32641327
32641328
32641329
32641330
32641331
32641332
32641333
32641334
32641335
32641336
32641337
32641338
32641339
32641340
32641341
32641342
32641343
32641344
32641345
32641346
32641347
32641348
32641349
32641350
32641351
32641352
32641353
32641354
32641355
32641356
32641357
32641358
32641359
32641360
32641361
32641362
32641363
32641364
32641365
32641366
32641367
32641368
32641369
32641370
32641371
32641372
32641373
32641374
32641375
32641376
32641377
32641378
32641379
32641380
32641381
32641382
32641383
32641384
32641385
32641386
32641387
32641388
32641389
32641390
32641391
32641392
32641393
32641394
32641395
32641396
32641397
32641398
32641399
32641400
32641401
32641402
32641403
32641404
32641405
32641406
32641407
32641408
32641409
32641410
32641411
32641412
32641413
32641414
32641415
32641416
32641417
32641418
32641419
32641420
32641421
32641422
32641423
32641424
32641425
32641426
32641427
32641428
32641429
32641430
32641431
32641432
32641433
32641434
32641435
32641436
32641437
32641438
32641439
32641440
32641441
32641442
32641443
32641444
32641445
32641446
32641447
32641448
32641449
32641450
32641451
32641452
32641453
32641454
32641455
32641456
32641457
32641458
32641459
32641460
32641461
32641462
32641463
32641464
32641465
32641466
32641467
32641468
32641469
32641470
32641471
32641472
32641473
32641474
32641475
32641476
32641477
32641478
32641479
32641480
32641481
32641482
32641483
32641484
32641485
32641486
32641487
32641488
32641489
32641490
32641491
32641492
32641493
32641494
32641495
32641496
32641497
32641498
32641499
32641500
32641501
32641502
32641503
32641504
32641505
32641506
32641507
32641508
32641509
32641510
32641511
32641512
32641513
32641514
32641515
32641516
32641517
32641518
32641519
32641520
32641521
32641522
32641523
32641524
32641525
32641526
32641527
32641528
32641529
32641530
32641531
32641532
32641533
32641534
32641535
32641536
32641537
32641538
32641539
32641540
32641541
32641542
32641543
32641544
32641545
32641546
32641547
32641548
32641549
32641550
32641551
32641552
32641553
32641554
32641555
32641556
32641557
32641558
32641972
32641973
32641974
32641975
32641976
32641977
32641978
32641979
32641980
32641981
32641982
32641983
32641984
32641985
32641986
32641987
32641988
32641989
32641990
32641991
32641992
32641993
32641994
32641995
32641996
32641997
32641998
32641999
32642000
32642001
32642002
32642003
32642004
32642005
32642006
32642007
32642008
32642009
32642010
32642011
32642012
32642013
32642014
32642015
32642016
32642017
32642018
32642019
32642020
32642021
32642022
32642023
32642024
32642025
32642026
32642027
32642028
32642029
32642030
32642031
32642032
32642033
32642034
32642035
32642036
32642037
32642038
32642039
32642040
32642041
32642042
32642043
32642044
32642045
32642046
32642047
32642048
32642049
32642050
32642051
32642052
32642053
32642054
32642055
32642056
32642057
32642058
32642059
32642060
32642061
32642062
32642063
32642064
32642065
32642066
32642067
32642068
32642069
32642070
32642071
32642072
32642073
32642074
32642075
32642076
32642077
32642078
32642079
32642080
32642081
32642082
32642083
32642084
32642085
32642086
32642087
32642088
32642089
32642090
32642091
32642092
32642093
32642094
32642095
32642096
32642097
32642098
32642099
32642100
32642101
32642102
32642103
32642104
32642105
32642106
32642107
32642108
32642109
32642110
32642111
32642112
32642113
32642114
32642115
32642116
32642117
32642118
32642119
32642120
32642121
32642122
32642123
32642124
32642125
32642126
32642127
32642128
32642129
32642130
32642131
32642132
32642133
32642134
32642135
32642136
32642137
32642138
32642139
32642140
32642141
32642142
32642143
32642144
32642145
32642146
32642147
32642148
32642149
32642150
32642151
32642152
32642153
32642154
32642155
32642156
32642157
32642158
32642159
32642160
32642161
32642162
32642163
32642164
32642165
32642166
32642167
32642168
32642169
32642170
32642171
32642172
32642173
32642174
32642175
32642176
32642177
32642178
32642179
32642180
32642181
32642182
32642183
32642184
32642185
32642186
32642187
32642188
32642189
32642190
32642191
32642192
32642193
32642194
32642195
32642196
32642197
32642198
32642199
32642200
32642201
32642202
32642203
32642204
32642205
32642206
32642207
32642208
32642209
32642210
32642211
32642212
32642213
32642214
32642215
32642216
32642217
32642218
32642219
32642220
32642221
32642222
32642223
32642224
32642225
32642226
32642227
32642228
32642229
32642230
32642231
32642232
32642233
32642234
32642235
32642236
32642237
32642238
32642239
32642240
32642241
32642242
32642243
32642244
32642245
32642246
32642247
32642248
32642249
32642250
32642251
32642252
32642253
32642610
32642611
32642612
32642613
32642614
32642615
32642616
32642617
32642618
32642619
32642620
32642621
32642622
32642623
32642624
32642625
32642626
32642627
32642628
32642629
32642630
32642631
32642632
32642633
32642634
32642635
32642636
32642637
32642638
32642639
32642640
32642641
32642642
32642643
32642644
32642645
32642646
32642647
32642648
32642649
32642650
32642651
32642652
32642653
32642654
32642655
32642656
32642657
32642658
32642659
32642660
32642661
32642662
32642663
32642664
32642665
32642666
32642667
32642668
32642669
32642670
32642671
32642672
32642673
32642674
32642675
32642676
32642677
32642678
32642679
32642680
32642681
32642682
32642683
32642684
32642685
32642686
32642687
32642688
32642689
32642690
32642691
32642692
32642693
32642694
32642695
32642696
32642697
32642698
32642699
32642700
32642701
32642702
32642703
32642704
32642705
32642706
32642707
32642708
32642709
32642710
32642711
32642712
32642713
32642714
32642715
32642716
32642717
32642718
32642719
32642720
32642721
32642722
32642723
32642724
32642725
32642726
32642727
32642728
32642729
32642730
32642731
32642732
32642733
32642734
32642735
32642736
32642737
32642738
32642739
32642740
32642741
32642742
32642743
32642744
32642745
32642746
32642747
32642748
32642749
32642750
32642751
32642752
32642753
32642754
32642755
32642756
32642757
32642758
32642759
32642760
32642761
32642762
32642763
32642764
