31357158
31357157
31357156
31357155
31357154
31357153
31357152
31357151
31357150
31357149
31357148
31357147
31357146
31357145
31357144
31357143
31357142
31357141
31357140
31357139
31357138
31357137
31357136
31357135
31357134
31357133
31357132
31357131
31357130
31357129
31357128
31357127
31357126
31357125
31357124
31357123
31357122
31357121
31357120
31357119
31357118
31357117
31357116
31357115
31357114
31357113
31357112
31357111
31357110
31357109
31357108
31357107
31357106
31357105
31357104
31357103
31357102
31357101
31357100
31357099
31357098
31357097
31357096
31357095
31357094
31357093
31357092
31357091
31357090
31357089
31357088
31357087
31357086
31356957
31356956
31356955
31356954
31356953
31356952
31356951
31356950
31356949
31356948
31356947
31356946
31356945
31356944
31356943
31356942
31356941
31356940
31356939
31356938
31356937
31356936
31356935
31356934
31356933
31356932
31356931
31356930
31356929
31356928
31356927
31356926
31356925
31356924
31356923
31356922
31356921
31356920
31356919
31356918
31356917
31356916
31356915
31356914
31356913
31356912
31356911
31356910
31356909
31356908
31356907
31356906
31356905
31356904
31356903
31356902
31356901
31356900
31356899
31356898
31356897
31356896
31356895
31356894
31356893
31356892
31356891
31356890
31356889
31356888
31356887
31356886
31356885
31356884
31356883
31356882
31356881
31356880
31356879
31356878
31356877
31356876
31356875
31356874
31356873
31356872
31356871
31356870
31356869
31356868
31356867
31356866
31356865
31356864
31356863
31356862
31356861
31356860
31356859
31356858
31356857
31356856
31356855
31356854
31356853
31356852
31356851
31356850
31356849
31356848
31356847
31356846
31356845
31356844
31356843
31356842
31356841
31356840
31356839
31356838
31356837
31356836
31356835
31356834
31356833
31356832
31356831
31356830
31356829
31356828
31356827
31356826
31356825
31356824
31356823
31356822
31356821
31356820
31356819
31356818
31356817
31356816
31356815
31356814
31356813
31356812
31356811
31356810
31356809
31356808
31356807
31356806
31356805
31356804
31356803
31356802
31356801
31356800
31356799
31356798
31356797
31356796
31356795
31356794
31356793
31356792
31356791
31356790
31356789
31356788
31356787
31356786
31356785
31356784
31356783
31356782
31356781
31356780
31356779
31356778
31356777
31356776
31356775
31356774
31356773
31356772
31356771
31356770
31356769
31356768
31356767
31356766
31356765
31356764
31356763
31356762
31356761
31356760
31356759
31356758
31356757
31356756
31356755
31356754
31356753
31356752
31356751
31356750
31356749
31356748
31356747
31356746
31356745
31356744
31356743
31356742
31356741
31356740
31356739
31356738
31356737
31356736
31356735
31356734
31356733
31356732
31356731
31356730
31356729
31356728
31356727
31356726
31356725
31356724
31356723
31356722
31356721
31356720
31356719
31356718
31356717
31356716
31356715
31356714
31356713
31356712
31356711
31356710
31356709
31356708
31356707
31356706
31356705
31356704
31356703
31356702
31356701
31356700
31356699
31356698
31356697
31356696
31356695
31356694
31356693
31356692
31356691
31356690
31356689
31356688
31356442
31356441
31356440
31356439
31356438
31356437
31356436
31356435
31356434
31356433
31356432
31356431
31356430
31356429
31356428
31356427
31356426
31356425
31356424
31356423
31356422
31356421
31356420
31356419
31356418
31356417
31356416
31356415
31356414
31356413
31356412
31356411
31356410
31356409
31356408
31356407
31356406
31356405
31356404
31356403
31356402
31356401
31356400
31356399
31356398
31356397
31356396
31356395
31356394
31356393
31356392
31356391
31356390
31356389
31356388
31356387
31356386
31356385
31356384
31356383
31356382
31356381
31356380
31356379
31356378
31356377
31356376
31356375
31356374
31356373
31356372
31356371
31356370
31356369
31356368
31356367
31356366
31356365
31356364
31356363
31356362
31356361
31356360
31356359
31356358
31356357
31356356
31356355
31356354
31356353
31356352
31356351
31356350
31356349
31356348
31356347
31356346
31356345
31356344
31356343
31356342
31356341
31356340
31356339
31356338
31356337
31356336
31356335
31356334
31356333
31356332
31356331
31356330
31356329
31356328
31356327
31356326
31356325
31356324
31356323
31356322
31356321
31356320
31356319
31356318
31356317
31356316
31356315
31356314
31356313
31356312
31356311
31356310
31356309
31356308
31356307
31356306
31356305
31356304
31356303
31356302
31356301
31356300
31356299
31356298
31356297
31356296
31356295
31356294
31356293
31356292
31356291
31356290
31356289
31356288
31356287
31356286
31356285
31356284
31356283
31356282
31356281
31356280
31356279
31356278
31356277
31356276
31356275
31356274
31356273
31356272
31356271
31356270
31356269
31356268
31356267
31356266
31356265
31356264
31356263
31356262
31356261
31356260
31356259
31356258
31356257
31356256
31356255
31356254
31356253
31356252
31356251
31356250
31356249
31356248
31356247
31356246
31356245
31356244
31356243
31356242
31356241
31356240
31356239
31356238
31356237
31356236
31356235
31356234
31356233
31356232
31356231
31356230
31356229
31356228
31356227
31356226
31356225
31356224
31356223
31356222
31356221
31356220
31356219
31356218
31356217
31356216
31356215
31356214
31356213
31356212
31356211
31356210
31356209
31356208
31356207
31356206
31356205
31356204
31356203
31356202
31356201
31356200
31356199
31356198
31356197
31356196
31356195
31356194
31356193
31356192
31356191
31356190
31356189
31356188
31356187
31356186
31356185
31356184
31356183
31356182
31356181
31356180
31356179
31356178
31356177
31356176
31356175
31356174
31356173
31356172
31356171
31356170
31356169
31356168
31356167
31355592
31355591
31355590
31355589
31355588
31355587
31355586
31355585
31355584
31355583
31355582
31355581
31355580
31355579
31355578
31355577
31355576
31355575
31355574
31355573
31355572
31355571
31355570
31355569
31355568
31355567
31355566
31355565
31355564
31355563
31355562
31355561
31355560
31355559
31355558
31355557
31355556
31355555
31355554
31355553
31355552
31355551
31355550
31355549
31355548
31355547
31355546
31355545
31355544
31355543
31355542
31355541
31355540
31355539
31355538
31355537
31355536
31355535
31355534
31355533
31355532
31355531
31355530
31355529
31355528
31355527
31355526
31355525
31355524
31355523
31355522
31355521
31355520
31355519
31355518
31355517
31355516
31355515
31355514
31355513
31355512
31355511
31355510
31355509
31355508
31355507
31355506
31355505
31355504
31355503
31355502
31355501
31355500
31355499
31355498
31355497
31355496
31355495
31355494
31355493
31355492
31355491
31355490
31355489
31355488
31355487
31355486
31355485
31355484
31355483
31355482
31355481
31355480
31355479
31355478
31355477
31355476
31355475
31355474
31355473
31355472
31355471
31355470
31355469
31355468
31355467
31355466
31355465
31355464
31355463
31355462
31355461
31355460
31355459
31355458
31355457
31355456
31355455
31355454
31355453
31355452
31355451
31355450
31355449
31355448
31355447
31355446
31355445
31355444
31355443
31355442
31355441
31355440
31355439
31355438
31355437
31355436
31355435
31355434
31355433
31355432
31355431
31355430
31355429
31355428
31355427
31355426
31355425
31355424
31355423
31355422
31355421
31355420
31355419
31355418
31355417
31355416
31355415
31355414
31355413
31355412
31355411
31355410
31355409
31355408
31355407
31355406
31355405
31355404
31355403
31355402
31355401
31355400
31355399
31355398
31355397
31355396
31355395
31355394
31355393
31355392
31355391
31355390
31355389
31355388
31355387
31355386
31355385
31355384
31355383
31355382
31355381
31355380
31355379
31355378
31355377
31355376
31355375
31355374
31355373
31355372
31355371
31355370
31355369
31355368
31355367
31355366
31355365
31355364
31355363
31355362
31355361
31355360
31355359
31355358
31355357
31355356
31355355
31355354
31355353
31355352
31355351
31355350
31355349
31355348
31355347
31355346
31355345
31355344
31355343
31355342
31355341
31355340
31355339
31355338
31355337
31355336
31355335
31355334
31355333
31355332
31355331
31355330
31355329
31355328
31355327
31355326
31355325
31355324
31355323
31355322
31355321
31355320
31355319
31355318
31355317
31355223
31355222
31355221
31355220
31355219
31355218
31355217
31355216
31355215
31355214
31355213
31355212
31355211
31355210
31355209
31355208
31355207
31355206
31355205
31355204
31355203
31355202
31355201
31355200
31355199
31355198
31355197
31355196
31355195
31355194
31355193
31355192
31355191
31355190
31355189
31355188
31355187
31355186
31355185
31355184
31355183
31355182
31355181
31355180
31355179
31355178
31355177
31355176
31355175
31355174
31355173
31355172
31355171
31355170
31355169
31355168
31355167
31355166
31355165
31355164
31355163
31355162
31355161
31355160
31355159
31355158
31355157
31355156
31355155
31355154
31355153
31355152
31355151
31355150
31355149
31355148
31355147
31355146
31355145
31355144
31355143
31355142
31355141
31355140
31355139
31355138
31355137
31355136
31355135
31355134
31355133
31355132
31355131
31355130
31355129
31355128
31355127
31355126
31355125
31355124
31355123
31355122
31355121
31355120
31355119
31355118
31355117
31355116
31355115
31355114
31355113
31355112
31355111
31355110
31355109
31355108
31355107
31354665
31354664
31354663
31354662
31354661
31354660
31354659
31354658
31354657
31354656
31354655
31354654
31354653
31354652
31354651
31354650
31354649
31354648
31354647
31354646
31354645
31354644
31354643
31354642
31354641
31354640
31354639
31354638
31354637
31354636
31354635
31354634
31354633
31354526
31354525
31354524
31354523
31354522
31354521
31354520
31354519
31354518
31354517
31354516
31354515
31354514
31354513
31354512
31354511
31354510
31354509
31354508
31354507
31354506
31354505
31354504
31354503
31354502
31354501
31354500
31354499
31354498
31354497
31354496
31354495
31354494
31354493
31354492
31354491
31354490
31354489
31354488
31354487
31354486
31354485
31354484
31354483
