32589742
32589741
32589740
32589739
32589738
32589737
32589736
32589735
32589734
32589733
32589732
32589731
32589730
32589729
32589728
32589727
32589726
32589725
32589724
32589723
32589722
32589721
32589720
32589719
32589718
32589717
32589716
32589715
32589714
32589713
32589712
32589711
32589710
32589709
32589708
32589707
32589706
32589705
32589704
32589703
32589702
32589701
32589700
32589699
32589698
32589697
32589696
32589695
32589694
32589693
32589692
32589691
32589690
32589689
32589688
32589687
32589686
32589685
32589684
32589683
32589682
32589681
32589680
32589679
32589678
32589677
32589676
32589675
32589674
32589673
32589672
32589671
32589670
32589669
32589668
32589667
32589666
32589665
32589664
32589663
32589662
32589661
32589660
32589659
32589658
32589657
32589656
32589655
32589654
32589653
32589652
32589651
32589650
32589649
32589648
32589647
32589646
32589645
32589644
32589643
32584378
32584377
32584376
32584375
32584374
32584373
32584372
32584371
32584370
32584369
32584368
32584367
32584366
32584365
32584364
32584363
32584362
32584361
32584360
32584359
32584358
32584357
32584356
32584355
32584354
32584353
32584352
32584351
32584350
32584349
32584348
32584347
32584346
32584345
32584344
32584343
32584342
32584341
32584340
32584339
32584338
32584337
32584336
32584335
32584334
32584333
32584332
32584331
32584330
32584329
32584328
32584327
32584326
32584325
32584324
32584323
32584322
32584321
32584320
32584319
32584318
32584317
32584316
32584315
32584314
32584313
32584312
32584311
32584310
32584309
32584308
32584307
32584306
32584305
32584304
32584303
32584302
32584301
32584300
32584299
32584298
32584297
32584296
32584295
32584294
32584293
32584292
32584291
32584290
32584289
32584288
32584287
32584286
32584285
32584284
32584283
32584282
32584281
32584280
32584279
32584278
32584277
32584276
32584275
32584274
32584273
32584272
32584271
32584270
32584269
32584268
32584267
32584266
32584265
32584264
32584263
32584262
32584261
32584260
32584259
32584258
32584257
32584256
32584255
32584254
32584253
32584252
32584251
32584250
32584249
32584248
32584247
32584246
32584245
32584244
32584243
32584242
32584241
32584240
32584239
32584238
32584237
32584236
32584235
32584234
32584233
32584232
32584231
32584230
32584229
32584228
32584227
32584226
32584225
32584224
32584223
32584222
32584221
32584220
32584219
32584218
32584217
32584216
32584215
32584214
32584213
32584212
32584211
32584210
32584209
32584208
32584207
32584206
32584205
32584204
32584203
32584202
32584201
32584200
32584199
32584198
32584197
32584196
32584195
32584194
32584193
32584192
32584191
32584190
32584189
32584188
32584187
32584186
32584185
32584184
32584183
32584182
32584181
32584180
32584179
32584178
32584177
32584176
32584175
32584174
32584173
32584172
32584171
32584170
32584169
32584168
32584167
32584166
32584165
32584164
32584163
32584162
32584161
32584160
32584159
32584158
32584157
32584156
32584155
32584154
32584153
32584152
32584151
32584150
32584149
32584148
32584147
32584146
32584145
32584144
32584143
32584142
32584141
32584140
32584139
32584138
32584137
32584136
32584135
32584134
32584133
32584132
32584131
32584130
32584129
32584128
32584127
32584126
32584125
32584124
32584123
32584122
32584121
32584120
32584119
32584118
32584117
32584116
32584115
32584114
32584113
32584112
32584111
32584110
32584109
32581838
32581837
32581836
32581835
32581834
32581833
32581832
32581831
32581830
32581829
32581828
32581827
32581826
32581825
32581824
32581823
32581822
32581821
32581820
32581819
32581818
32581817
32581816
32581815
32581814
32581813
32581812
32581811
32581810
32581809
32581808
32581807
32581806
32581805
32581804
32581803
32581802
32581801
32581800
32581799
32581798
32581797
32581796
32581795
32581794
32581793
32581792
32581791
32581790
32581789
32581788
32581787
32581786
32581785
32581784
32581783
32581782
32581781
32581780
32581779
32581778
32581777
32581776
32581775
32581774
32581773
32581772
32581771
32581770
32581769
32581768
32581767
32581766
32581765
32581764
32581763
32581762
32581761
32581760
32581759
32581758
32581757
32581756
32581755
32581754
32581753
32581752
32581751
32581750
32581749
32581748
32581747
32581746
32581745
32581744
32581743
32581742
32581741
32581740
32581739
32581738
32581737
32581736
32581735
32581734
32581733
32581732
32581731
32581730
32581729
32581728
32581727
32581726
32581725
32581724
32581723
32581722
32581721
32581720
32581719
32581718
32581717
32581716
32581715
32581714
32581713
32581712
32581711
32581710
32581709
32581708
32581707
32581706
32581705
32581704
32581703
32581702
32581701
32581700
32581699
32581698
32581697
32581696
32581695
32581694
32581693
32581692
32581691
32581690
32581689
32581688
32581687
32581686
32581685
32581684
32581683
32581682
32581681
32581680
32581679
32581678
32581677
32581676
32581675
32581674
32581673
32581672
32581671
32581670
32581669
32581668
32581667
32581666
32581665
32581664
32581663
32581662
32581661
32581660
32581659
32581658
32581657
32581656
32581655
32581654
32581653
32581652
32581651
32581650
32581649
32581648
32581647
32581646
32581645
32581644
32581643
32581642
32581641
32581640
32581639
32581638
32581637
32581636
32581635
32581634
32581633
32581632
32581631
32581630
32581629
32581628
32581627
32581626
32581625
32581624
32581623
32581622
32581621
32581620
32581619
32581618
32581617
32581616
32581615
32581614
32581613
32581612
32581611
32581610
32581609
32581608
32581607
32581606
32581605
32581604
32581603
32581602
32581601
32581600
32581599
32581598
32581597
32581596
32581595
32581594
32581593
32581592
32581591
32581590
32581589
32581588
32581587
32581586
32581585
32581584
32581583
32581582
32581581
32581580
32581579
32581578
32581577
32581576
32581575
32581574
32581573
32581572
32581571
32581570
32581569
32581568
32581567
32581566
32581565
32581564
32581563
32581562
32581561
32581560
32581559
32581558
32581557
32580856
32580855
32580854
32580853
32580852
32580851
32580850
32580849
32580848
32580847
32580846
32580845
32580844
32580843
32580842
32580841
32580840
32580839
32580838
32580837
32580836
32580835
32580834
32580833
32580832
32580831
32580830
32580829
32580828
32580827
32580826
32580825
32580824
32580823
32580822
32580821
32580820
32580819
32580818
32580817
32580816
32580815
32580814
32580813
32580812
32580811
32580810
32580809
32580808
32580807
32580806
32580805
32580804
32580803
32580802
32580801
32580800
32580799
32580798
32580797
32580796
32580795
32580794
32580793
32580792
32580791
32580790
32580789
32580788
32580787
32580786
32580785
32580784
32580783
32580782
32580781
32580780
32580779
32580778
32580777
32580776
32580775
32580774
32580773
32580772
32580771
32580770
32580769
32580768
32580767
32580766
32580765
32580764
32580763
32580762
32580761
32580760
32580759
32580758
32580757
32580756
32580755
32580754
32580753
32580752
32580751
32580750
32580749
32580748
32580747
32580746
32580270
32580269
32580268
32580267
32580266
32580265
32580264
32580263
32580262
32580261
32580260
32580259
32580258
32580257
32580256
32580255
32580254
32580253
32580252
32580251
32580250
32580249
32580248
32580247
32579104
32579103
32579102
32579101
32579100
32579099
32579098
32579097
32579096
32579095
32579094
32579093
32579092
32579091
