33073570
33073569
33073568
33073567
33073566
33073565
33073564
33073563
33073562
33073561
33073560
33073559
33073558
33073557
33073556
33073555
33073554
33073553
33073552
33073551
33073550
33073549
33073548
33073547
33073546
33073545
33073544
33073543
33073542
33073541
33073540
33073539
33073538
33073537
33073536
33073535
33073534
33073533
33073532
33073531
33073530
33073529
33073528
33073527
33073526
33073525
33073524
33073523
33073522
33073521
33073520
33073519
33073518
33073517
33073516
33073515
33073514
33073513
33073512
33073511
33073510
33073509
33073508
33073507
33073506
33073505
33073504
33073503
33073502
33073501
33073500
33073499
33073498
33073497
33073496
33073495
33073494
33073493
33073492
33073491
33073490
33073489
33073488
33073487
33073486
33073485
33073484
33073483
33073482
33073481
33073480
33073479
33073478
33073477
33073476
33073475
33073474
33073473
33073472
33073471
33069886
33069885
33069884
33069883
33069882
33069881
33069880
33069879
33069878
33069877
33069876
33069875
33069874
33069873
33069872
33069871
33069870
33069869
33069868
33069867
33069866
33069865
33069864
33069863
33069862
33069861
33069860
33069859
33069858
33069857
33069856
33069855
33069854
33069853
33069852
33069851
33069850
33069849
33069848
33069847
33069846
33069845
33069844
33069843
33069842
33069841
33069840
33069839
33069838
33069837
33069836
33069835
33069834
33069833
33069832
33069831
33069830
33069829
33069828
33069827
33069826
33069825
33069824
33069823
33069822
33069821
33069820
33069819
33069818
33069817
33069816
33069815
33069814
33069813
33069812
33069811
33069810
33069809
33069808
33069807
33069806
33069805
33069804
33069803
33069802
33069801
33069800
33069799
33069798
33069797
33069796
33069795
33069794
33069793
33069792
33069791
33069790
33069789
33069788
33069787
33069786
33069785
33069784
33069783
33069782
33069781
33069780
33069779
33069778
33069777
33069776
33069775
33069774
33069773
33069772
33069771
33069770
33069769
33069768
33069767
33069766
33069765
33069764
33069763
33069762
33069761
33069760
33069759
33069758
33069757
33069756
33069755
33069754
33069753
33069752
33069751
33069750
33069749
33069748
33069747
33069746
33069745
33069744
33069743
33069742
33069741
33069740
33069739
33069738
33069737
33069736
33069735
33069734
33069733
33069732
33069731
33069730
33069729
33069728
33069727
33069726
33069725
33069724
33069723
33069722
33069721
33069720
33069719
33069718
33069717
33069716
33069715
33069714
33069713
33069712
33069711
33069710
33069709
33069708
33069707
33069706
33069705
33069704
33069703
33069702
33069701
33069700
33069699
33069698
33069697
33069696
33069695
33069694
33069693
33069692
33069691
33069690
33069689
33069688
33069687
33069686
33069685
33069684
33069683
33069682
33069681
33069680
33069679
33069678
33069677
33069676
33069675
33069674
33069673
33069672
33069671
33069670
33069669
33069668
33069667
33069666
33069665
33069664
33069663
33069662
33069661
33069660
33069659
33069658
33069657
33069656
33069655
33069654
33069653
33069652
33069651
33069650
33069649
33069648
33069647
33069646
33069645
33069644
33069643
33069642
33069641
33069300
33069299
33069298
33069297
33069296
33069295
33069294
33069293
33069292
33069291
33069290
33069289
33069288
33069287
33069286
33069285
33069284
33069283
33069282
33069281
33069280
33069279
33069278
33069277
33069276
33069275
33069274
33069273
33069272
33069271
33069270
33069269
33069268
33069267
33069266
33069265
33069264
33069263
33069262
33069261
33069260
33069259
33069258
33069257
33069256
33069255
33069254
33069253
33069252
33069251
33069250
33069249
33069248
33069247
33069246
33069245
33069244
33069243
33069242
33069241
33069240
33069239
33069238
33069237
33069236
33069235
33069234
33069233
33069232
33069231
33069230
33069229
33069228
33069227
33069226
33069225
33069224
33069223
33069222
33069221
33069220
33069219
33069218
33069217
33069216
33069215
33069214
33069213
33069212
33069211
33069210
33069209
33069208
33069207
33069206
33069205
33069204
33069203
33069202
33069201
33069200
33069199
33069198
33069197
33069196
33069195
33069194
33069193
33069192
33069191
33069190
33069189
33069188
33069187
33069186
33069185
33069184
33069183
33069182
33069181
33069180
33069179
33069178
33069177
33069176
33069175
33069174
33069173
33069172
33069171
33069170
33069169
33069168
33069167
33069166
33069165
33069164
33069163
33069162
33069161
33069160
33069159
33069158
33069157
33069156
33069155
33069154
33069153
33069152
33069151
33069150
33069149
33069148
33069147
33069146
33069145
33069144
33069143
33069142
33069141
33069140
33069139
33069138
33069137
33069136
33069135
33069134
33069133
33069132
33069131
33069130
33069129
33069128
33069127
33069126
33069125
33069124
33069123
33069122
33069121
33069120
33069119
33069118
33069117
33069116
33069115
33069114
33069113
33069112
33069111
33069110
33069109
33069108
33069107
33069106
33069105
33069104
33069103
33069102
33069101
33069100
33069099
33069098
33069097
33069096
33069095
33069094
33069093
33069092
33069091
33069090
33069089
33069088
33069087
33069086
33069085
33069084
33069083
33069082
33069081
33069080
33069079
33069078
33069077
33069076
33069075
33069074
33069073
33069072
33069071
33069070
33069069
33069068
33069067
33069066
33069065
33069064
33069063
33069062
33069061
33069060
33069059
33069058
33069057
33069056
33069055
33069054
33069053
33069052
33069051
33069050
33069049
33069048
33069047
33069046
33069045
33069044
33069043
33069042
33069041
33069040
33069039
33069038
33069037
33069036
33069035
33069034
33069033
33069032
33069031
33069030
33069029
33069028
33069027
33069026
33069025
33069024
33069023
33069022
33069021
33069020
33069019
33068804
33068803
33068802
33068801
33068800
33068799
33068798
33068797
33068796
33068795
33068794
33068793
33068792
33068791
33068790
33068789
33068788
33068787
33068786
33068785
33068784
33068783
33068782
33068781
33068780
33068779
33068778
33068777
33068776
33068775
33068774
33068773
33068772
33068771
33068770
33068769
33068768
33068767
33068766
33068765
33068764
33068763
33068762
33068761
33068760
33068759
33068758
33068757
33068756
33068755
33068754
33068753
33068752
33068751
33068750
33068749
33068748
33068747
33068746
33068745
33068744
33068743
33068742
33068741
33068740
33068739
33068738
33068737
33068736
33068735
33068734
33068733
33068732
33068731
33068730
33068729
33068728
33068727
33068726
33068725
33068724
33068723
33068722
33068721
33068720
33068719
33068718
33068717
33068716
33068715
33068714
33068713
33068712
33068711
33068710
33068709
33068708
33068707
33068706
33068705
33068704
33068703
33068702
33068701
33068700
33068699
33068698
33068697
33068696
33068695
33068694
33068693
33068692
33068691
33068690
33068689
33068688
33068687
33068686
33068685
33068684
33068683
33068682
33068681
33068680
33068679
33068678
33068677
33068676
33068675
33068674
33068673
33068672
33068671
33068670
33068669
33068668
33068667
33068666
33068665
33068664
33068663
33068662
33068661
33068660
33068659
33068658
33068657
33068656
33068655
33068654
33068653
33068652
33068651
33068650
