31272130
31272129
31272128
31272127
31272126
31272125
31272124
31272123
31272122
31272121
31272120
31272119
31272118
31272117
31272116
31272115
31272114
31272113
31272112
31272111
31272110
31272109
31272108
31272107
31272106
31272105
31272104
31272103
31272102
31272101
31272100
31272099
31272098
31272097
31272096
31272095
31272094
31272093
31272092
31272091
31272090
31272089
31272088
31272087
31272086
31272085
31272084
31272083
31272082
31272081
31272080
31272079
31272078
31272077
31272076
31272075
31272074
31272073
31272072
31272071
31272070
31272069
31272068
31272067
31272066
31272065
31272064
31272063
31272062
31272061
31272060
31272059
31272058
31272057
31272056
31272055
31272054
31272053
31272052
31272051
31272050
31272049
31272048
31272047
31272046
31272045
31272044
31272043
31272042
31272041
31272040
31272039
31272038
31272037
31272036
31272035
31272034
31272033
31272032
31272031
31272030
31272029
31272028
31272027
31272026
31272025
31272024
31272023
31272022
31272021
31272020
31272019
31272018
31272017
31272016
31272015
31272014
31272013
31272012
31272011
31272010
31272009
31272008
31272007
31272006
31272005
31272004
31272003
31272002
31272001
31272000
31271999
31271998
31271997
31271996
31271995
31271994
31271993
31271992
31271991
31271990
31271989
31271988
31271987
31271986
31271985
31271984
31271983
31271982
31271981
31271980
31271979
31271978
31271977
31271976
31271975
31271974
31271973
31271972
31271971
31271970
31271969
31271968
31271967
31271966
31271965
31271964
31271963
31271962
31271961
31271960
31271959
31271958
31271957
31271956
31271955
31271954
31271953
31271952
31271951
31271950
31271949
31271948
31271947
31271946
31271945
31271944
31271943
31271942
31271941
31271940
31271939
31271938
31271937
31271936
31271935
31271934
31271933
31271932
31271931
31271930
31271929
31271928
31271927
31271926
31271925
31271924
31271923
31271922
31271921
31271920
31271919
31271918
31271917
31271916
31271915
31271914
31271913
31271912
31271911
31271910
31271909
31271908
31271907
31271906
31271905
31271904
31271903
31271902
31271901
31271900
31271899
31271898
31271897
31271896
31271895
31271894
31271893
31271892
31271891
31271890
31271889
31271888
31271887
31271886
31271885
31271884
31271883
31271882
31271881
31271880
31271879
31271878
31271877
31271876
31271875
31271874
31271873
31271872
31271871
31271870
31271869
31271868
31271867
31271866
31271865
31271864
31271863
31271862
31271861
31271860
31271859
31271858
31271857
31271856
31271855
31271854
31271853
31271852
31271851
31271850
31271849
31271848
31271847
31271846
31271845
31271844
31271843
31271842
31271841
31271840
31271839
31271838
31271837
31271836
31271835
31271834
31271833
31271832
31271831
31271830
31271829
31271828
31271827
31271826
31271825
31271824
31271823
31271822
31271821
31271820
31271819
31271818
31271817
31271816
31271815
31271814
31271813
31271812
31271811
31271810
31271809
31271808
31271807
31271806
31271805
31271804
31271803
31271802
31271801
31271800
31271799
31271798
31271797
31271796
31271795
31271794
31271793
31271792
31271791
31271790
31271789
31271788
31271787
31271786
31271785
31271784
31271783
31271782
31271781
31271780
31271779
31271778
31271777
31271776
31271775
31271774
31271773
31271772
31271771
31271770
31271769
31271768
31271767
31271766
31271765
31271764
31271763
31271762
31271761
31271760
31271759
31271758
31271757
31271756
31271755
31271754
31271753
31271752
31271751
31271750
31271749
31271748
31271747
31271746
31271745
31271744
31271743
31271742
31271741
31271740
31271739
31271738
31271737
31271736
31271735
31271734
31271733
31271732
31271731
31271730
31271729
31271728
31271727
31271726
31271725
31271724
31271723
31271722
31271721
31271720
31271719
31271718
31271717
31271716
31271715
31271714
31271713
31271712
31271711
31271710
31271709
31271708
31271707
31271706
31271705
31271704
31271703
31271702
31271701
31271700
31271699
31271698
31271697
31271696
31271695
31271694
31271693
31271692
31271691
31271690
31271689
31271688
31271687
31271686
31271685
31271684
31271683
31271682
31271681
31271680
31271679
31271678
31271677
31271676
31271675
31271674
31271673
31271672
31271671
31271670
31271669
31271668
31271667
31271666
31271665
31271664
31271663
31271662
31271661
31271660
31271659
31271658
31271657
31271656
31271655
31271654
31271653
31271652
31271651
31271650
31271649
31271648
31271647
31271646
31271645
31271644
31271643
31271642
31271641
31271640
31271639
31271638
31271637
31271636
31271635
31271634
31271633
31271632
31271631
31271630
31271629
31271628
31271627
31271626
31271625
31271624
31271623
31271622
31271621
31271620
31271619
31271618
31271617
31271616
31271615
31271614
31271613
31271612
31271611
31271610
31271609
31271608
31271607
31271606
31271605
31271604
31271603
31271602
31271601
31271600
31271599
31271598
31271597
31271596
31271595
31271594
31271593
31271592
31271591
31271590
31271589
31271588
31271587
31271586
31271585
31271584
31271583
31271582
31271581
31271580
31271579
31271578
31271577
31271576
31271575
31271574
31271573
31271572
31271571
31271570
31271569
31271568
31271567
31271566
31271565
31271564
31271563
31271562
31271561
31271560
31271559
31271558
31271557
31271556
31271555
31271554
31271553
31271552
31271551
31271550
31271549
31271548
31271547
31271546
31271545
31271544
31271543
31271542
31271541
31271540
31271539
31271538
31271537
31271536
31271535
31271534
31271533
31271532
31271531
31271530
31271529
31271528
31271527
31271526
31271525
31271524
31271523
31271522
31271521
31271520
31271519
31271518
31271517
31271516
31271515
31271514
31271513
31271512
31271511
31271510
31271509
31271508
31271507
31271506
31271505
31271504
31271503
31271502
31271501
31271500
31271499
31271498
31271497
31271496
31271495
31271494
31271493
31271492
31271491
31271490
31271489
31271488
31271487
31271486
31271485
31271484
31271483
31271482
31271481
31271480
31271479
31271478
31271477
31271476
31271475
31271474
31271473
31271472
31271471
31271470
31271469
31271468
31271467
31271466
31271465
31271464
31271463
31271462
31271461
31271460
31271459
31271458
31271457
31271456
31271455
31271454
31271453
31271452
31271451
31271450
31271449
31271448
31271447
31271446
31271445
31271444
31271443
31271442
31271441
31271440
31271439
31271438
31271437
31271436
31271435
31271434
31271433
31271432
31271431
31271430
31271429
31271428
31271427
31271426
31271425
31271424
31271423
31271422
31271421
31271420
31271419
31271418
31271417
31271416
31271415
31271414
31271413
31271412
31271411
31271410
31271409
31271408
31271407
31271406
31271405
31271404
31271403
31271402
31271401
31271400
31271399
31271398
31271397
31271396
31271395
31271394
31271393
31271392
31271391
31271390
31271389
31271388
31271387
31271386
31271385
31271384
31271383
31271382
31271381
31271380
31271379
31271378
31271377
31271376
31271375
31271374
31271373
31271372
31271371
31271370
31271369
31271368
31271367
31271366
31271365
31271364
31271363
31271362
31271361
31271360
31271359
31271358
31271357
31271356
31271355
31271354
31271353
31271352
31271351
31271350
31271349
31271348
31271347
31271346
31271345
31271344
31271343
31271342
31271341
31271340
31271339
31271338
31271337
31271336
31271335
31271334
31271333
31271332
31271331
31271330
31271329
31271328
31271327
31271326
31271325
31271324
31271323
31271322
31271321
31271320
31271319
31271318
31271317
31271316
31271315
31271314
31271313
31271312
31271311
31271310
31271309
31271308
31271307
31271306
31271305
31271304
31271303
31271302
31271301
31271300
31271299
31271298
31271297
31271296
31271295
31271294
31271293
31271292
31271291
31271290
31271289
31271288
31271287
31271286
31271285
31271284
31271283
31271282
31271281
31271280
31271279
31271278
31271277
31271276
31271275
31271274
31271273
31271272
31271271
31271270
31271269
31271268
31271267
31271266
31271265
31271264
31271263
31271262
31271261
31271260
31271259
31271258
31271257
31271256
31271255
31271254
31271253
31271252
31271251
31271250
31271249
31271248
31271247
31271246
31271245
31271244
31271243
31271242
31271241
31271240
31271239
31271238
31271237
31271236
31271235
31271234
31271233
31271232
31271231
31271230
31271229
31271228
31271227
31271226
31271225
31271224
31271223
31271222
31271221
31271220
31271219
31271218
31271217
31271216
31271215
31271214
31271213
31271212
31271211
31271210
31271209
31271208
31271207
31271206
31271205
31271204
31271203
31271202
31271201
31271200
31271199
31271198
31271197
31271196
31271195
31271194
31271193
31271192
31271191
31271190
31271189
31271188
31271187
31271186
31271185
31271184
31271183
31271182
31271181
31271180
31271179
31271178
31271177
31271176
31271175
31271174
31271173
31271172
31271171
31271170
31271169
31271168
31271167
31271166
31271165
31271164
31271163
31271162
31271161
31271160
31271159
31271158
31271157
31271156
31271155
31271154
31271153
31271152
31271151
31271150
31271149
31271148
31271147
31271146
31271145
31271144
31271143
31271142
31271141
31271140
31271139
31271138
31271137
31271136
31271135
31271134
31271133
31271132
31271131
31271130
31271129
31271128
31271127
31271126
31271125
31271124
31271123
31271122
31271121
31271120
31271119
31271118
31271117
31271116
31271115
31271114
31271113
31271112
31271111
31271110
31271109
31271108
31271107
31271106
31271105
31271104
31271103
31271102
31271101
31271100
31271099
31271098
31271097
31271096
31271095
31271094
31271093
31271092
31271091
31271090
31271089
31271088
31271087
31271086
31271085
31271084
31271083
31271082
31271081
31271080
31271079
31271078
31271077
31271076
31271075
31271074
31271073
31271072
31271071
31271070
31271069
31271068
31271067
31271066
31271065
31271064
31271063
31271062
31271061
31271060
31271059
31271058
31271057
31271056
31271055
31271054
31271053
31271052
31271051
31271050
31271049
31271048
31271047
31271046
31271045
31271044
31271043
31271042
31271041
31271040
31271039
31271038
31271037
31271036
31271035
31271034
31271033
31271032
31271031
31271030
31271029
31271028
31271027
31271026
31271025
31271024
31271023
31271022
31271021
31271020
31271019
31271018
31271017
31271016
31271015
31271014
31271013
31271012
31271011
31271010
31271009
31271008
31271007
31271006
31271005
31271004
31271003
31271002
31271001
31271000
31270999
31270998
31270997
31270996
31270995
31270994
31270993
31270992
31270991
31270990
31270989
31270988
31270987
31270986
31270985
31270984
31270983
31270982
31270981
31270980
31270979
31270978
31270977
31270976
31270975
31270974
31270973
31270972
31270971
31270970
31270969
31270968
31270967
31270966
31270965
31270964
31270963
31270962
31270961
31270960
31270959
31270958
31270957
31270956
31270955
31270954
31270953
31270952
31270951
31270950
31270949
31270948
31270947
31270946
31270945
31270944
31270943
31270942
31270941
31270940
31270939
31270938
31270937
31270936
31270935
31270934
31270933
31270932
31270931
31270930
31270929
31270928
31270927
31270926
31270925
31270924
31270923
31270922
31270921
31270920
31270919
31270918
31270917
31270916
31270915
31270914
31270913
31270912
31270911
31270910
31270909
31270908
31270907
31270906
31270905
31270904
31270903
31270902
31270901
31270900
31270899
31270898
31270897
31270896
31270895
31270894
31270893
31270892
31270891
31270890
31270889
31270888
31270887
31270886
31270885
31270884
31270883
31270882
31270881
31270880
31270879
31270878
31270877
31270876
31270875
31270874
31270873
31270872
31270871
31270870
31270869
31270868
31270867
31270866
31270865
31270864
31270863
31270862
31270861
31270860
31270859
31270858
31270857
31270856
31270855
31270854
31270853
31270852
31270851
31270850
31270849
31270848
31270847
31270846
31270845
31270844
31270843
31270842
31270841
31270840
31270839
31270838
31270837
31270836
31270835
31270834
31270833
31270832
31270831
31270830
31270829
31270828
31270827
31270826
31270825
31270824
31270823
31270822
31270821
31270820
31270819
31270818
31270817
31270816
31270815
31270814
31270813
31270812
31270811
31270810
31270809
31270808
31270807
31270806
31270805
31270804
31270803
31270802
31270801
31270800
31270799
31270798
31270797
31270796
31270795
31270794
31270793
31270792
31270791
31270790
31270789
31270788
31270787
31270786
31270785
31270784
31270783
31270782
31270781
31270780
31270779
31270778
31270777
31270776
31270775
31270774
31270773
31270772
31270771
31270770
31270769
31270768
31270767
31270766
31270765
31270764
31270763
31270762
31270761
31270760
31270759
31270758
31270757
31270756
31270755
31270754
31270753
31270752
31270751
31270750
31270749
31270748
31270747
31270746
31270745
31270744
31270743
31270742
31270741
31270740
31270739
31270738
31270737
31270736
31270735
31270734
31270733
31270732
31270731
31270730
31270729
31270728
31270727
31270726
31270725
31270724
31270723
31270722
31270721
31270720
31270719
31270718
31270717
31270716
31270715
31270714
31270713
31270712
31270711
31270710
31270709
31270708
31270707
31270706
31270705
31270704
31270703
31270702
31270701
31270700
31270699
31270698
31270697
31270696
31270695
31270694
31270693
31270692
31270691
31270690
31270689
31270688
31270687
31270686
31270685
31270684
31270683
31270682
31270681
31270680
31270679
31270678
31270677
31270676
31270675
31270674
31270673
31270672
31270671
31270670
31270669
31270668
31270667
31270666
31270665
31270664
31270663
31270662
31270661
31270660
31270659
31270658
31270657
31270656
31270655
31270654
31270653
31270652
31270651
31270650
31270649
31270648
31270647
31270646
31270645
31270644
31270643
31270642
31270641
31270640
31270639
31270638
31270637
31270636
31270635
31270634
31270633
31270632
31270631
31270630
31270629
31270628
31270627
31270626
31270625
31270624
31270623
31270622
31270621
31270620
31270619
31270618
31270617
31270616
31270615
31270614
31270613
31270612
31270611
31270610
31270609
31270608
31270607
31270606
31270605
31270604
31270603
31270602
31270601
31270600
31270599
31270598
31270597
31270596
31270595
31270594
31270593
31270592
31270591
31270590
31270589
31270588
31270587
31270586
31270585
31270584
31270583
31270582
31270581
31270580
31270579
31270578
31270577
31270576
31270575
31270574
31270573
31270572
31270571
31270570
31270569
31270568
31270567
31270566
31270565
31270564
31270563
31270562
31270561
31270560
31270559
31270558
31270557
31270556
31270555
31270554
31270553
31270552
31270551
31270550
31270549
31270548
31270547
31270546
31270545
31270544
31270543
31270542
31270541
31270540
31270539
31270538
31270537
31270536
31270535
31270534
31270533
31270532
31270531
31270530
31270529
31270528
31270527
31270526
31270525
31270524
31270523
31270522
31270521
31270520
31270519
31270518
31270517
31270516
31270515
31270514
31270513
31270512
31270511
31270510
31270509
31270508
31270507
31270506
31270505
31270504
31270503
31270502
31270501
31270500
31270499
31270498
31270497
31270496
31270495
31270494
31270493
31270492
31270491
31270490
31270489
31270488
31270487
31270486
31270485
31270484
31270483
31270482
31270481
31270480
31270479
31270478
31270477
31270476
31270475
31270474
31270473
31270472
31270471
31270470
31270469
31270468
31270467
31270466
31270465
31270464
31270463
31270462
31270461
31270460
31270459
31270458
31270457
31270456
31270455
31270454
31270453
31270452
31270451
31270450
31270449
31270448
31270447
31270446
31270445
31270444
31270443
31270442
31270441
31270440
31270439
31270438
31270437
31270436
31270435
31270434
31270433
31270432
31270431
31270430
31270429
31270428
31270427
31270426
31270425
31270424
31270423
31270422
31270421
31270420
31270419
31270418
31270417
31270416
31270415
31270414
31270413
31270412
31270411
31270410
31270409
31270408
31270407
31270406
31270405
31270404
31270403
31270402
31270401
31270400
31270399
31270398
31270397
31270396
31270395
31270394
31270393
31270392
31270391
31270390
31270389
31270388
31270387
31270386
31270385
31270384
31270383
31270382
31270381
31270380
31270379
31270378
31270377
31270376
31270375
31270374
31270373
31270372
31270371
31270370
31270369
31270368
31270367
31270366
31270365
31270364
31270363
31270362
31270361
31270360
31270359
31270358
31270357
31270356
31270355
31270354
31270353
31270352
31270351
31270350
31270349
31270348
31270347
31270346
31270345
31270344
31270343
31270342
31270341
31270340
31270339
31270338
31270337
31270336
31270335
31270334
31270333
31270332
31270331
31270330
31270329
31270328
31270327
31270326
31270325
31270324
31270323
31270322
31270321
31270320
31270319
31270318
31270317
31270316
31270315
31270314
31270313
31270312
31270311
31270310
31270309
31270308
31270307
31270306
31270305
31270304
31270303
31270302
31270301
31270300
31270299
31270298
31270297
31270296
31270295
31270294
31270293
31270292
31270291
31270290
31270289
31270288
31270287
31270286
31270285
31270284
31270283
31270282
31270281
31270280
31270279
31270278
31270277
31270276
31270275
31270274
31270273
31270272
31270271
31270270
31270269
31270268
31270267
31270266
31270265
31270264
31270263
31270262
31270261
31270260
31270259
31270258
31270257
31270256
31270255
31270254
31270253
31270252
31270251
31270250
31270249
31270248
31270247
31270246
31270245
31270244
31270243
31270242
31270241
31270240
31270239
31270238
31270237
31270236
31270235
31270234
31270233
31270232
31270231
31270230
31270229
31270228
31270227
31270226
31270225
31270224
31270223
31270222
31270221
31270220
31270219
31270218
31270217
31270216
31270215
31270214
31270213
31270212
31270211
31270210
31270209
31270208
31270207
31270206
31270205
31270204
31270203
31270202
31270201
31270200
31270199
31270198
31270197
31270196
31270195
31270194
31270193
31270192
31270191
31270190
31270189
31270188
31270187
31270186
31270185
31270184
31270183
31270182
31270181
31270180
31270179
31270178
31270177
31270176
31270175
31270174
31270173
31270172
31270171
31270170
31270169
31270168
31270167
31270166
31270165
31270164
31270163
31270162
31270161
31270160
31270159
31270158
31270157
31270156
31270155
31270154
31270153
31270152
31270151
31270150
31270149
31270148
31270147
31270146
31270145
31270144
31270143
31270142
31270141
31270140
31270139
31270138
31270137
31270136
31270135
31270134
31270133
31270132
31270131
31270130
31270129
31270128
31270127
31270126
31270125
31270124
31270123
31270122
31270121
31270120
31270119
31270118
31270117
31270116
31270115
31270114
31270113
31270112
31270111
31270110
31270109
31270108
31270107
31270106
31270105
31270104
31270103
31270102
31270101
31270100
31270099
31270098
31270097
31270096
31270095
31270094
31270093
31270092
31270091
31270090
31270089
31270088
31270087
31270086
31270085
31270084
31270083
31270082
31270081
31270080
31270079
31270078
31270077
31270076
31270075
31270074
31270073
31270072
31270071
31270070
31270069
31270068
31270067
31270066
31270065
31270064
31270063
31270062
31270061
31270060
31270059
31270058
31270057
31270056
31270055
31270054
31270053
31270052
31270051
31270050
31270049
31270048
31270047
31270046
31270045
31270044
31270043
31270042
31270041
31270040
31270039
31270038
31270037
31270036
31270035
31270034
31270033
31270032
31270031
31270030
31270029
31270028
31270027
31270026
31270025
31270024
31270023
31270022
31270021
31270020
31270019
31270018
31270017
31270016
31270015
31270014
31270013
31270012
31270011
31270010
31270009
31270008
31270007
31270006
31270005
31270004
31270003
31270002
31270001
31270000
31269999
31269998
31269997
31269996
31269995
31269994
31269993
31269992
31269991
31269990
31269989
31269988
31269987
31269986
31269985
31269984
31269983
31269982
31269981
31269980
31269979
31269978
31269977
31269976
31269975
31269974
31269973
31269972
31269971
31269970
31269969
31269968
31269967
31269966
31269965
31269964
31269963
31269962
31269961
31269960
31269959
31269958
31269957
31269956
31269955
31269954
31269953
31269952
31269951
31269950
31269949
31269948
31269947
31269946
31269945
31269944
31269943
31269942
31269941
31269940
31269939
31269938
31269937
31269936
31269935
31269934
31269933
31269932
31269931
31269930
31269929
31269928
31269927
31269926
31269925
31269924
31269923
31269922
31269921
31269920
31269919
31269918
31269917
31269916
31269915
31269914
31269913
31269912
31269911
31269910
31269909
31269908
31269907
31269906
31269905
31269904
31269903
31269902
31269901
31269900
31269899
31269898
31269897
31269896
31269895
31269894
31269893
31269892
31269891
31269890
31269889
31269888
31269887
31269886
31269885
31269884
31269883
31269882
31269881
31269880
31269879
31269878
31269877
31269876
31269875
31269874
31269873
31269872
31269871
31269870
31269869
31269868
31269867
31269866
31269865
31269864
31269863
31269862
31269861
31269860
31269859
31269858
31269857
31269856
31269855
31269854
31269853
31269852
31269851
31269850
31269849
31269848
31269847
31269846
31269845
31269844
31269843
31269842
31269841
31269840
31269839
31269838
31269837
31269836
31269835
31269834
31269833
31269832
31269831
31269830
31269829
31269828
31269827
31269826
31269825
31269824
31269823
31269822
31269821
31269820
31269819
31269818
31269817
31269816
31269815
31269814
31269813
31269812
31269811
31269810
31269809
31269808
31269807
31269806
31269805
31269804
31269803
31269802
31269801
31269800
31269799
31269798
31269797
31269796
31269795
31269794
31269793
31269792
31269791
31269790
31269789
31269788
31269787
31269786
31269785
31269784
31269783
31269782
31269781
31269780
31269779
31269778
31269777
31269776
31269775
31269774
31269773
31269772
31269771
31269770
31269769
31269768
31269767
31269766
31269765
31269764
31269763
31269762
31269761
31269760
31269759
31269758
31269757
31269756
31269755
31269754
31269753
31269752
31269751
31269750
31269749
31269748
31269747
31269746
31269745
31269744
31269743
31269742
31269741
31269740
31269739
31269738
31269737
31269736
31269735
31269734
31269733
31269732
31269731
31269730
31269729
31269728
31269727
31269726
31269725
31269724
31269723
31269722
31269721
31269720
31269719
31269718
31269717
31269716
31269715
31269714
31269713
31269712
31269711
31269710
31269709
31269708
31269707
31269706
31269705
31269704
31269703
31269702
31269701
31269700
31269699
31269698
31269697
31269696
31269695
31269694
31269693
31269692
31269691
31269690
31269689
31269688
31269687
31269686
31269685
31269684
31269683
31269682
31269681
31269680
31269679
31269678
31269677
31269676
31269675
31269674
31269673
31269672
31269671
31269670
31269669
31269668
31269667
31269666
31269665
31269664
31269663
31269662
31269661
31269660
31269659
31269658
31269657
31269656
31269655
31269654
31269653
31269652
31269651
31269650
31269649
31269648
31269647
31269646
31269645
31269644
31269643
31269642
31269641
31269640
31269639
31269638
31269637
31269636
31269635
31269634
31269633
31269632
31269631
31269630
31269629
31269628
31269627
31269626
31269625
31269624
31269623
31269622
31269621
31269620
31269619
31269618
31269617
31269616
31269615
31269614
31269613
31269612
31269611
31269610
31269609
31269608
31269607
31269606
31269605
31269604
31269603
31269602
31269601
31269600
31269599
31269598
31269597
31269596
31269595
31269594
31269593
31269592
31269591
31269590
31269589
31269588
31269587
31269586
31269585
31269584
31269583
31269582
31269581
31269580
31269579
31269578
31269577
31269576
31269575
31269574
31269573
31269572
31269571
31269570
31269569
31269568
31269567
31269566
31269565
31269564
31269563
31269562
31269561
31269560
31269559
31269558
31269557
31269556
31269555
31269554
31269553
31269552
31269551
31269550
31269549
31269548
31269547
31269546
31269545
31269544
31269543
31269542
31269541
31269540
31269539
31269538
31269537
31269536
31269535
31269534
31269533
31269532
31269531
31269530
31269529
31269528
31269527
31269526
31269525
31269524
31269523
31269522
31269521
31269520
31269519
31269518
31269517
31269516
31269515
31269514
31269513
31269512
31269511
31269510
31269509
31269508
31269507
31269506
31269505
31269504
31269503
31269502
31269501
31269500
31269499
31269498
31269497
31269496
31269495
31269494
31269493
31269492
31269491
31269490
31269489
31269488
31269487
31269486
31269485
31269484
31269483
31269482
31269481
31269480
31269479
31269478
31269477
31269476
31269475
31269474
31269473
31269472
31269471
31269470
31269469
31269468
31269467
31269466
31269465
31269464
31269463
31269462
31269461
31269460
31269459
31269458
31269457
31269456
31269455
31269454
31269453
31269452
31269451
31269450
31269449
31269448
31269447
31269446
31269445
31269444
31269443
31269442
31269441
31269440
31269439
31269438
31269437
31269436
31269435
31269434
31269433
31269432
31269431
31269430
31269429
31269428
31269427
31269426
31269425
31269424
31269423
31269422
31269421
31269420
31269419
31269418
31269417
31269416
31269415
31269414
31269413
31269412
31269411
31269410
31269409
31269408
31269407
31269406
31269405
31269404
31269403
31269402
31269401
31269400
31269399
31269398
31269397
31269396
31269395
31269394
31269393
31269392
31269391
31269390
31269389
31269388
31269387
31269386
31269385
31269384
31269383
31269382
31269381
31269380
31269379
31269378
31269377
31269376
31269375
31269374
31269373
31269372
31269371
31269370
31269369
31269368
31269367
31269366
31269365
31269364
31269363
31269362
31269361
31269360
31269359
31269358
31269357
31269356
31269355
31269354
31269353
31269352
31269351
31269350
31269349
31269348
31269347
31269346
31269345
31269344
31269343
31269342
31269341
31269340
31269339
31269338
31269337
31269336
31269335
31269334
31269333
31269332
31269331
31269330
31269329
31269328
31269327
31269326
31269325
31269324
31269323
31269322
31269321
31269320
31269319
31269318
31269317
31269316
31269315
31269314
31269313
31269312
31269311
31269310
31269309
31269308
31269307
31269306
31269305
31269304
31269303
31269302
31269301
31269300
31269299
31269298
31269297
31269296
31269295
31269294
31269293
31269292
31269291
31269290
31269289
31269288
31269287
31269286
31269285
31269284
31269283
31269282
31269281
31269280
31269279
31269278
31269277
31269276
31269275
31269274
31269273
31269272
31269271
31269270
31269269
31269268
31269267
31269266
31269265
31269264
31269263
31269262
31269261
31269260
31269259
31269258
31269257
31269256
31269255
31269254
31269253
31269252
31269251
31269250
31269249
31269248
31269247
31269246
31269245
31269244
31269243
31269242
31269241
31269240
31269239
31269238
31269237
31269236
31269235
31269234
31269233
31269232
31269231
31269230
31269229
31269228
31269227
31269226
31269225
31269224
31269223
31269222
31269221
31269220
31269219
31269218
31269217
31269216
31269215
31269214
31269213
31269212
31269211
31269210
31269209
31269208
31269207
31269206
31269205
31269204
31269203
31269202
31269201
31269200
31269199
31269198
31269197
31269196
31269195
31269194
31269193
31269192
31269191
31269190
31269189
31269188
31269187
31269186
31269185
31269184
31269183
31269182
31269181
31269180
31269179
31269178
31269177
31269176
31269175
31269174
31269173
31269172
31269171
31269170
31269169
31269168
31269167
31269166
31269165
31269164
31269163
31269162
31269161
31269160
31269159
31269158
31269157
31269156
31269155
31269154
31269153
31269152
31269151
31269150
31269149
31269148
31269147
31269146
31269145
31269144
31269143
31269142
31269141
31269140
31269139
31269138
31269137
31269136
31269135
31269134
31269133
31269132
31269131
31269130
31269129
31269128
31269127
31269126
31269125
31269124
31269123
31269122
31269121
31269120
31269119
31269118
31269117
31269116
31269115
31269114
31269113
31269112
31269111
31269110
31269109
31269108
31269107
31269106
31269105
31269104
31269103
31269102
31269101
31269100
31269099
31269098
31269097
31269096
31269095
31269094
31269093
31269092
31269091
31269090
31269089
31269088
31269087
31269086
31269085
31269084
31269083
31269082
31269081
31269080
31269079
31269078
31269077
31269076
31269075
31269074
31269073
31269072
31269071
31269070
31269069
31269068
31269067
31269066
31269065
31269064
31269063
31269062
31269061
31269060
31269059
31269058
31269057
31269056
31269055
31269054
31269053
31269052
31269051
31269050
31269049
31269048
31269047
31269046
31269045
31269044
31269043
31269042
31269041
31269040
31269039
31269038
31269037
31269036
31269035
31269034
31269033
31269032
31269031
31269030
31269029
31269028
31269027
31269026
31269025
31269024
31269023
31269022
31269021
31269020
31269019
31269018
31269017
31269016
31269015
31269014
31269013
31269012
31269011
31269010
31269009
31269008
31269007
31269006
31269005
31269004
31269003
31269002
31269001
31269000
31268999
31268998
31268997
31268996
31268995
31268994
31268993
31268992
31268991
31268990
31268989
31268988
31268987
31268986
31268985
31268984
31268983
31268982
31268981
31268980
31268979
31268978
31268977
31268976
31268975
31268974
31268973
31268972
31268971
31268970
31268969
31268968
31268967
31268966
31268965
31268964
31268963
31268962
31268961
31268960
31268959
31268958
31268957
31268956
31268955
31268954
31268953
31268952
31268951
31268950
31268949
31268948
31268947
31268946
31268945
31268944
31268943
31268942
31268941
31268940
31268939
31268938
31268937
31268936
31268935
31268934
31268933
31268932
31268931
31268930
31268929
31268928
31268927
31268926
31268925
31268924
31268923
31268922
31268921
31268920
31268919
31268918
31268917
31268916
31268915
31268914
31268913
31268912
31268911
31268910
31268909
31268908
31268907
31268906
31268905
31268904
31268903
31268902
31268901
31268900
31268899
31268898
31268897
31268896
31268895
31268894
31268893
31268892
31268891
31268890
31268889
31268888
31268887
31268886
31268885
31268884
31268883
31268882
31268881
31268880
31268879
31268878
31268877
31268876
31268875
31268874
31268873
31268872
31268871
31268870
31268869
31268868
31268867
31268866
31268865
31268864
31268863
31268862
31268861
31268860
31268859
31268858
31268857
31268856
31268855
31268854
31268853
31268852
31268851
31268850
31268849
31268848
31268847
31268846
31268845
31268844
31268843
31268842
31268841
31268840
31268839
31268838
31268837
31268836
31268835
31268834
31268833
31268832
31268831
31268830
31268829
31268828
31268827
31268826
31268825
31268824
31268823
31268822
31268821
31268820
31268819
31268818
31268817
31268816
31268815
31268814
31268813
31268812
31268811
31268810
31268809
31268808
31268807
31268806
31268805
31268804
31268803
31268802
31268801
31268800
31268799
31268798
31268797
31268796
31268795
31268794
31268793
31268792
31268791
31268790
31268789
31268788
31268787
31268786
31268785
31268784
31268783
31268782
31268781
31268780
31268779
31268778
31268777
31268776
31268775
31268774
31268773
31268772
31268771
31268770
31268769
31268768
31268767
31268766
31268765
31268764
31268763
31268762
31268761
31268760
31268759
31268758
31268757
31268756
31268755
31268754
31268753
31268752
31268751
31268750
31268749
