29941260
29941261
29941262
29941263
29941264
29941265
29941266
29941267
29941268
29941269
29941270
29941271
29941272
29941273
29941274
29941275
29941276
29941277
29941278
29941279
29941280
29941281
29941282
29941283
29941284
29941285
29941286
29941287
29941288
29941289
29941290
29941291
29941292
29941293
29941294
29941295
29941296
29941297
29941298
29941299
29941300
29941301
29941302
29941303
29941304
29941305
29941306
29941307
29941308
29941309
29941310
29941311
29941312
29941313
29941314
29941315
29941316
29941317
29941318
29941319
29941320
29941321
29941322
29941323
29941324
29941325
29941326
29941327
29941328
29941329
29941330
29941331
29941332
29941333
29941334
29941335
29941336
29941337
29941338
29941339
29941340
29941341
29941342
29941343
29941344
29941345
29941346
29941347
29941348
29941349
29941350
29941351
29941352
29941353
29941354
29941355
29941356
29941357
29941358
29941359
29941360
29941361
29941362
29941363
29941364
29941365
29941366
29941367
29941368
29941369
29941370
29941371
29941372
29941373
29941374
29941375
29941376
29941377
29941378
29941379
29941380
29941381
29941382
29941383
29941384
29941385
29941386
29941387
29941388
29941389
29941390
29941391
29941392
29941393
29941394
29941395
29941396
29941397
29941398
29941399
29941400
29941401
29941402
29941403
29941404
29941405
29941406
29941407
29941408
29941409
29941410
29941411
29941412
29941413
29941414
29941415
29941416
29941417
29941418
29941419
29941420
29941421
29941422
29941423
29941424
29941425
29941426
29941427
29941428
29941429
29941430
29941431
29941432
29941433
29941434
29941435
29941436
29941437
29941438
29941439
29941440
29941441
29941442
29941443
29941444
29941445
29941446
29941447
29941448
29941449
29941450
29941451
29941452
29941453
29941454
29941455
29941456
29941457
29941458
29941459
29941460
29941461
29941462
29941463
29941464
29941465
29941466
29941467
29941468
29941469
29941470
29941471
29941472
29941473
29941474
29941475
29941476
29941477
29941478
29941479
29941480
29941481
29941482
29941483
29941484
29941485
29941486
29941487
29941488
29941489
29941490
29941491
29941492
29941493
29941494
29941495
29941496
29941497
29941498
29941499
29941500
29941501
29941502
29941503
29941504
29941505
29941506
29941507
29941508
29941509
29941510
29941511
29941512
29941513
29941514
29941515
29941516
29941517
29941518
29941519
29941520
29941521
29941522
29941523
29941524
29941525
29941526
29941527
29941528
29941529
29941530
29941531
29941532
29941533
29941534
29941535
29941536
29941537
29941538
29941539
29941540
29941541
29941542
29941543
29941544
29941545
29941546
29941547
29941548
29941549
29941550
29941551
29941552
29941553
29941554
29941555
29941556
29941557
29941558
29941559
29941560
29941561
29941562
29941563
29941564
29941565
29941566
29941567
29941568
29941569
29941570
29941571
29941572
29941573
29941574
29941575
29941576
29941577
29941578
29941579
29941580
29941581
29941582
29941583
29941584
29941585
29941586
29941587
29941588
29941589
29941590
29941591
29941592
29941593
29941594
29941595
29941596
29941597
29941598
29941599
29941600
29941601
29941602
29941603
29941604
29941605
29941606
29941607
29941608
29941609
29941610
29941611
29941612
29941613
29941614
29941615
29941616
29941617
29941618
29941619
29941620
29941621
29941622
29941623
29941624
29941625
29941626
29941627
29941628
29941629
29941630
29941631
29941632
29941633
29941634
29941635
29941636
29941637
29941638
29941639
29941640
29941641
29941642
29941643
29941644
29941645
29941646
29941647
29941648
29941649
29941650
29941651
29941652
29941653
29941654
29941655
29941656
29941657
29941658
29941659
29941660
29941661
29941662
29941663
29941664
29941665
29941666
29941667
29941668
29941669
29941670
29941671
29941672
29941673
29941674
29941675
29941676
29941677
29941678
29941679
29941680
29941681
29941682
29941683
29941684
29941685
29941686
29941687
29941688
29941689
29941690
29941691
29941692
29941693
29941694
29941695
29941696
29941697
29941698
29941699
29941700
29941701
29941702
29941703
29941704
29941705
29941706
29941707
29941708
29941709
29941710
29941711
29941712
29941713
29941714
29941715
29941716
29941717
29941718
29941719
29941720
29941721
29941722
29941723
29941724
29941725
29941726
29941727
29941728
29941729
29941730
29941731
29941732
29941733
29941734
29941735
29941736
29941737
29941738
29941739
29941740
29941741
29941742
29941743
29941744
29941745
29941746
29941747
29941748
29941749
29941750
29941751
29941752
29941753
29941754
29941755
29941756
29941757
29941758
29941759
29941760
29941761
29941762
29941763
29941764
29941765
29941766
29941767
29941768
29941769
29941770
29941771
29941772
29941773
29941774
29941775
29941776
29941777
29941778
29941779
29941780
29941781
29941782
29941783
29941784
29941785
29941786
29941787
29941788
29941789
29941790
29941791
29941792
29941793
29941794
29941795
29941796
29941797
29941798
29941799
29941800
29941801
29941802
29941803
29941804
29941805
29941806
29941807
29941808
29941809
29941810
29941811
29941812
29941813
29941814
29941815
29941816
29941817
29941818
29941819
29941820
29941821
29941822
29941823
29941824
29941825
29941826
29941827
29941828
29941829
29941830
29941831
29941832
29941833
29941834
29941835
29941836
29941837
29941838
29941839
29941840
29941841
29941842
29941843
29941844
29941845
29941846
29941847
29941848
29941849
29941850
29941851
29941852
29941853
29941854
29941855
29941856
29941857
29941858
29941859
29941860
29941861
29941862
29941863
29941864
29941865
29941866
29941867
29941868
29941869
29941870
29941871
29941872
29941873
29941874
29941875
29941876
29941877
29941878
29941879
29941880
29941881
29941882
29941883
29941884
29941885
29941886
29941887
29941888
29941889
29941890
29941891
29941892
29941893
29941894
29941895
29941896
29941897
29941898
29941899
29941900
29941901
29941902
29941903
29941904
29941905
29941906
29941907
29941908
29941909
29941910
29941911
29941912
29941913
29941914
29941915
29941916
29941917
29941918
29941919
29941920
29941921
29941922
29941923
29941924
29941925
29941926
29941927
29941928
29941929
29941930
29941931
29941932
29941933
29941934
29941935
29941936
29941937
29941938
29941939
29941940
29941941
29941942
29941943
29941944
29941945
29941946
29941947
29941948
29941949
29941950
29941951
29941952
29941953
29941954
29941955
29941956
29941957
29941958
29941959
29941960
29941961
29941962
29941963
29941964
29941965
29941966
29941967
29941968
29941969
29941970
29941971
29941972
29941973
29941974
29941975
29941976
29941977
29941978
29941979
29941980
29941981
29941982
29941983
29941984
29941985
29941986
29941987
29941988
29941989
29941990
29941991
29941992
29941993
29941994
29941995
29941996
29941997
29941998
29941999
29942000
29942001
29942002
29942003
29942004
29942005
29942006
29942007
29942008
29942009
29942010
29942011
29942012
29942013
29942014
29942015
29942016
29942017
29942018
29942019
29942020
29942021
29942022
29942023
29942024
29942025
29942026
29942027
29942028
29942029
29942030
29942031
29942032
29942033
29942034
29942035
29942036
29942037
29942038
29942039
29942040
29942041
29942042
29942043
29942044
29942045
29942046
29942047
29942048
29942049
29942050
29942051
29942052
29942053
29942054
29942055
29942056
29942057
29942058
29942059
29942060
29942061
29942062
29942063
29942064
29942065
29942066
29942067
29942068
29942069
29942070
29942071
29942072
29942073
29942074
29942075
29942076
29942077
29942078
29942079
29942080
29942081
29942082
29942083
29942084
29942085
29942086
29942087
29942088
29942089
29942090
29942091
29942092
29942093
29942094
29942095
29942096
29942097
29942098
29942099
29942100
29942101
29942102
29942103
29942104
29942105
29942106
29942107
29942108
29942109
29942110
29942111
29942112
29942113
29942114
29942115
29942116
29942117
29942118
29942119
29942120
29942121
29942122
29942123
29942124
29942125
29942126
29942127
29942128
29942129
29942130
29942131
29942132
29942133
29942134
29942135
29942136
29942137
29942138
29942139
29942140
29942141
29942142
29942143
29942144
29942145
29942146
29942147
29942148
29942149
29942150
29942151
29942152
29942153
29942154
29942155
29942156
29942157
29942158
29942159
29942160
29942161
29942162
29942163
29942164
29942165
29942166
29942167
29942168
29942169
29942170
29942171
29942172
29942173
29942174
29942175
29942176
29942177
29942178
29942179
29942180
29942181
29942182
29942183
29942184
29942185
29942186
29942187
29942188
29942189
29942190
29942191
29942192
29942193
29942194
29942195
29942196
29942197
29942198
29942199
29942200
29942201
29942202
29942203
29942204
29942205
29942206
29942207
29942208
29942209
29942210
29942211
29942212
29942213
29942214
29942215
29942216
29942217
29942218
29942219
29942220
29942221
29942222
29942223
29942224
29942225
29942226
29942227
29942228
29942229
29942230
29942231
29942232
29942233
29942234
29942235
29942236
29942237
29942238
29942239
29942240
29942241
29942242
29942243
29942244
29942245
29942246
29942247
29942248
29942249
29942250
29942251
29942252
29942253
29942254
29942255
29942256
29942257
29942258
29942259
29942260
29942261
29942262
29942263
29942264
29942265
29942266
29942267
29942268
29942269
29942270
29942271
29942272
29942273
29942274
29942275
29942276
29942277
29942278
29942279
29942280
29942281
29942282
29942283
29942284
29942285
29942286
29942287
29942288
29942289
29942290
29942291
29942292
29942293
29942294
29942295
29942296
29942297
29942298
29942299
29942300
29942301
29942302
29942303
29942304
29942305
29942306
29942307
29942308
29942309
29942310
29942311
29942312
29942313
29942314
29942315
29942316
29942317
29942318
29942319
29942320
29942321
29942322
29942323
29942324
29942325
29942326
29942327
29942328
29942329
29942330
29942331
29942332
29942333
29942334
29942335
29942336
29942337
29942338
29942339
29942340
29942341
29942342
29942343
29942344
29942345
29942346
29942347
29942348
29942349
29942350
29942351
29942352
29942353
29942354
29942355
29942356
29942357
29942358
29942359
29942360
29942361
29942362
29942363
29942364
29942365
29942366
29942367
29942368
29942369
29942370
29942371
29942372
29942373
29942374
29942375
29942376
29942377
29942378
29942379
29942380
29942381
29942382
29942383
29942384
29942385
29942386
29942387
29942388
29942389
29942390
29942391
29942392
29942393
29942394
29942395
29942396
29942397
29942398
29942399
29942400
29942401
29942402
29942403
29942404
29942405
29942406
29942407
29942408
29942409
29942410
29942411
29942412
29942413
29942414
29942415
29942416
29942417
29942418
29942419
29942420
29942421
29942422
29942423
29942424
29942425
29942426
29942427
29942428
29942429
29942430
29942431
29942432
29942433
29942434
29942435
29942436
29942437
29942438
29942439
29942440
29942441
29942442
29942443
29942444
29942445
29942446
29942447
29942448
29942449
29942450
29942451
29942452
29942453
29942454
29942455
29942456
29942457
29942458
29942459
29942460
29942461
29942462
29942463
29942464
29942465
29942466
29942467
29942468
29942469
29942470
29942471
29942472
29942473
29942474
29942475
29942476
29942477
29942478
29942479
29942480
29942481
29942482
29942483
29942484
29942485
29942486
29942487
29942488
29942489
29942490
29942491
29942492
29942493
29942494
29942495
29942496
29942497
29942498
29942499
29942500
29942501
29942502
29942503
29942504
29942505
29942506
29942507
29942508
29942509
29942510
29942511
29942512
29942513
29942514
29942515
29942516
29942517
29942518
29942519
29942520
29942521
29942522
29942523
29942524
29942525
29942526
29942527
29942528
29942529
29942530
29942531
29942532
29942533
29942534
29942535
29942536
29942537
29942538
29942539
29942540
29942541
29942542
29942543
29942544
29942545
29942546
29942547
29942548
29942549
29942550
29942551
29942552
29942553
29942554
29942555
29942556
29942557
29942558
29942559
29942560
29942561
29942562
29942563
29942564
29942565
29942566
29942567
29942568
29942569
29942570
29942571
29942572
29942573
29942574
29942575
29942576
29942577
29942578
29942579
29942580
29942581
29942582
29942583
29942584
29942585
29942586
29942587
29942588
29942589
29942590
29942591
29942592
29942593
29942594
29942595
29942596
29942597
29942598
29942599
29942600
29942601
29942602
29942603
29942604
29942605
29942606
29942607
29942608
29942609
29942610
29942611
29942612
29942613
29942614
29942615
29942616
29942617
29942618
29942619
29942620
29942621
29942622
29942623
29942624
29942625
29942626
29942627
29942628
29942629
29942630
29942631
29942632
29942633
29942634
29942635
29942636
29942637
29942638
29942639
29942640
29942641
29942642
29942643
29942644
29942645
29942646
29942647
29942648
29942649
29942650
29942651
29942652
29942653
29942654
29942655
29942656
29942657
29942658
29942659
29942660
29942661
29942662
29942663
29942664
29942665
29942666
29942667
29942668
29942669
29942670
29942671
29942672
29942673
29942674
29942675
29942676
29942677
29942678
29942679
29942680
29942681
29942682
29942683
29942684
29942685
29942686
29942687
29942688
29942689
29942690
29942691
29942692
29942693
29942694
29942695
29942696
29942697
29942698
29942699
29942700
29942701
29942702
29942703
29942704
29942705
29942706
29942707
29942708
29942709
29942710
29942711
29942712
29942713
29942714
29942715
29942716
29942717
29942718
29942719
29942720
29942721
29942722
29942723
29942724
29942725
29942726
29942727
29942728
29942729
29942730
29942731
29942732
29942733
29942734
29942735
29942736
29942737
29942738
29942739
29942740
29942741
29942742
29942743
29942744
29942745
29942746
29942747
29942748
29942749
29942750
29942751
29942752
29942753
29942754
29942755
29942756
29942757
29942758
29942759
29942760
29942761
29942762
29942763
29942764
29942765
29942766
29942767
29942768
29942769
29942770
29942771
29942772
29942773
29942774
29942775
29942776
29942777
29942778
29942779
29942780
29942781
29942782
29942783
29942784
29942785
29942786
29942787
29942788
29942789
29942790
29942791
29942792
29942793
29942794
29942795
29942796
29942797
29942798
29942799
29942800
29942801
29942802
29942803
29942804
29942805
29942806
29942807
29942808
29942809
29942810
29942811
29942812
29942813
29942814
29942815
29942816
29942817
29942818
29942819
29942820
29942821
29942822
29942823
29942824
29942825
29942826
29942827
29942828
29942829
29942830
29942831
29942832
29942833
29942834
29942835
29942836
29942837
29942838
29942839
29942840
29942841
29942842
29942843
29942844
29942845
29942846
29942847
29942848
29942849
29942850
29942851
29942852
29942853
29942854
29942855
29942856
29942857
29942858
29942859
29942860
29942861
29942862
29942863
29942864
29942865
29942866
29942867
29942868
29942869
29942870
29942871
29942872
29942873
29942874
29942875
29942876
29942877
29942878
29942879
29942880
29942881
29942882
29942883
29942884
29942885
29942886
29942887
29942888
29942889
29942890
29942891
29942892
29942893
29942894
29942895
29942896
29942897
29942898
29942899
29942900
29942901
29942902
29942903
29942904
29942905
29942906
29942907
29942908
29942909
29942910
29942911
29942912
29942913
29942914
29942915
29942916
29942917
29942918
29942919
29942920
29942921
29942922
29942923
29942924
29942925
29942926
29942927
29942928
29942929
29942930
29942931
29942932
29942933
29942934
29942935
29942936
29942937
29942938
29942939
29942940
29942941
29942942
29942943
29942944
29942945
29942946
29942947
29942948
29942949
29942950
29942951
29942952
29942953
29942954
29942955
29942956
29942957
29942958
29942959
29942960
29942961
29942962
29942963
29942964
29942965
29942966
29942967
29942968
29942969
29942970
29942971
29942972
29942973
29942974
29942975
29942976
29942977
29942978
29942979
29942980
29942981
29942982
29942983
29942984
29942985
29942986
29942987
29942988
29942989
29942990
29942991
29942992
29942993
29942994
29942995
29942996
29942997
29942998
29942999
29943000
29943001
29943002
29943003
29943004
29943005
29943006
29943007
29943008
29943009
29943010
29943011
29943012
29943013
29943014
29943015
29943016
29943017
29943018
29943019
29943020
29943021
29943022
29943023
29943024
29943025
29943026
29943027
29943028
29943029
29943030
29943031
29943032
29943033
29943034
29943035
29943036
29943037
29943038
29943039
29943040
29943041
29943042
29943043
29943044
29943045
29943046
29943047
29943048
29943049
29943050
29943051
29943052
29943053
29943054
29943055
29943056
29943057
29943058
29943059
29943060
29943061
29943062
29943063
29943064
29943065
29943066
29943067
29943068
29943069
29943070
29943071
29943072
29943073
29943074
29943075
29943076
29943077
29943078
29943079
29943080
29943081
29943082
29943083
29943084
29943085
29943086
29943087
29943088
29943089
29943090
29943091
29943092
29943093
29943094
29943095
29943096
29943097
29943098
29943099
29943100
29943101
29943102
29943103
29943104
29943105
29943106
29943107
29943108
29943109
29943110
29943111
29943112
29943113
29943114
29943115
29943116
29943117
29943118
29943119
29943120
29943121
29943122
29943123
29943124
29943125
29943126
29943127
29943128
29943129
29943130
29943131
29943132
29943133
29943134
29943135
29943136
29943137
29943138
29943139
29943140
29943141
29943142
29943143
29943144
29943145
29943146
29943147
29943148
29943149
29943150
29943151
29943152
29943153
29943154
29943155
29943156
29943157
29943158
29943159
29943160
29943161
29943162
29943163
29943164
29943165
29943166
29943167
29943168
29943169
29943170
29943171
29943172
29943173
29943174
29943175
29943176
29943177
29943178
29943179
29943180
29943181
29943182
29943183
29943184
29943185
29943186
29943187
29943188
29943189
29943190
29943191
29943192
29943193
29943194
29943195
29943196
29943197
29943198
29943199
29943200
29943201
29943202
29943203
29943204
29943205
29943206
29943207
29943208
29943209
29943210
29943211
29943212
29943213
29943214
29943215
29943216
29943217
29943218
29943219
29943220
29943221
29943222
29943223
29943224
29943225
29943226
29943227
29943228
29943229
29943230
29943231
29943232
29943233
29943234
29943235
29943236
29943237
29943238
29943239
29943240
29943241
29943242
29943243
29943244
29943245
29943246
29943247
29943248
29943249
29943250
29943251
29943252
29943253
29943254
29943255
29943256
29943257
29943258
29943259
29943260
29943261
29943262
29943263
29943264
29943265
29943266
29943267
29943268
29943269
29943270
29943271
29943272
29943273
29943274
29943275
29943276
29943277
29943278
29943279
29943280
29943281
29943282
29943283
29943284
29943285
29943286
29943287
29943288
29943289
29943290
29943291
29943292
29943293
29943294
29943295
29943296
29943297
29943298
29943299
29943300
29943301
29943302
29943303
29943304
29943305
29943306
29943307
29943308
29943309
29943310
29943311
29943312
29943313
29943314
29943315
29943316
29943317
29943318
29943319
29943320
29943321
29943322
29943323
29943324
29943325
29943326
29943327
29943328
29943329
29943330
29943331
29943332
29943333
29943334
29943335
29943336
29943337
29943338
29943339
29943340
29943341
29943342
29943343
29943344
29943345
29943346
29943347
29943348
29943349
29943350
29943351
29943352
29943353
29943354
29943355
29943356
29943357
29943358
29943359
29943360
29943361
29943362
29943363
29943364
29943365
29943366
29943367
29943368
29943369
29943370
29943371
29943372
29943373
29943374
29943375
29943376
29943377
29943378
29943379
29943380
29943381
29943382
29943383
29943384
29943385
29943386
29943387
29943388
29943389
29943390
29943391
29943392
29943393
29943394
29943395
29943396
29943397
29943398
29943399
29943400
29943401
29943402
29943403
29943404
29943405
29943406
29943407
29943408
29943409
29943410
29943411
29943412
29943413
29943414
29943415
29943416
29943417
29943418
29943419
29943420
29943421
29943422
29943423
29943424
29943425
29943426
29943427
29943428
29943429
29943430
29943431
29943432
29943433
29943434
29943435
29943436
29943437
29943438
29943439
29943440
29943441
29943442
29943443
29943444
29943445
29943446
29943447
29943448
29943449
29943450
29943451
29943452
29943453
29943454
29943455
29943456
29943457
29943458
29943459
29943460
29943461
29943462
29943463
29943464
29943465
29943466
29943467
29943468
29943469
29943470
29943471
29943472
29943473
29943474
29943475
29943476
29943477
29943478
29943479
29943480
29943481
29943482
29943483
29943484
29943485
29943486
29943487
29943488
29943489
29943490
29943491
29943492
29943493
29943494
29943495
29943496
29943497
29943498
29943499
29943500
29943501
29943502
29943503
29943504
29943505
29943506
29943507
29943508
29943509
29943510
29943511
29943512
29943513
29943514
29943515
29943516
29943517
29943518
29943519
29943520
29943521
29943522
29943523
29943524
29943525
29943526
29943527
29943528
29943529
29943530
29943531
29943532
29943533
29943534
29943535
29943536
29943537
29943538
29943539
29943540
29943541
29943542
29943543
29943544
29943545
29943546
29943547
29943548
29943549
29943550
29943551
29943552
29943553
29943554
29943555
29943556
29943557
29943558
29943559
29943560
29943561
29943562
29943563
29943564
29943565
29943566
29943567
29943568
29943569
29943570
29943571
29943572
29943573
29943574
29943575
29943576
29943577
29943578
29943579
29943580
29943581
29943582
29943583
29943584
29943585
29943586
29943587
29943588
29943589
29943590
29943591
29943592
29943593
29943594
29943595
29943596
29943597
29943598
29943599
29943600
29943601
29943602
29943603
29943604
29943605
29943606
29943607
29943608
29943609
29943610
29943611
29943612
29943613
29943614
29943615
29943616
29943617
29943618
29943619
29943620
29943621
29943622
29943623
29943624
29943625
29943626
29943627
29943628
29943629
29943630
29943631
29943632
29943633
29943634
29943635
29943636
29943637
29943638
29943639
29943640
29943641
29943642
29943643
29943644
29943645
29943646
29943647
29943648
29943649
29943650
29943651
29943652
29943653
29943654
29943655
29943656
29943657
29943658
29943659
29943660
29943661
29943662
29943663
29943664
29943665
29943666
29943667
29943668
29943669
29943670
29943671
29943672
29943673
29943674
29943675
29943676
29943677
29943678
29943679
29943680
29943681
29943682
29943683
29943684
29943685
29943686
29943687
29943688
29943689
29943690
29943691
29943692
29943693
29943694
29943695
29943696
29943697
29943698
29943699
29943700
29943701
29943702
29943703
29943704
29943705
29943706
29943707
29943708
29943709
29943710
29943711
29943712
29943713
29943714
29943715
29943716
29943717
29943718
29943719
29943720
29943721
29943722
29943723
29943724
29943725
29943726
29943727
29943728
29943729
29943730
29943731
29943732
29943733
29943734
29943735
29943736
29943737
29943738
29943739
29943740
29943741
29943742
29943743
29943744
29943745
29943746
29943747
29943748
29943749
29943750
29943751
29943752
29943753
29943754
29943755
29943756
29943757
29943758
29943759
29943760
29943761
29943762
29943763
29943764
29943765
29943766
29943767
29943768
29943769
29943770
29943771
29943772
29943773
29943774
29943775
29943776
29943777
29943778
29943779
29943780
29943781
29943782
29943783
29943784
29943785
29943786
29943787
29943788
29943789
29943790
29943791
29943792
29943793
29943794
29943795
29943796
29943797
29943798
29943799
29943800
29943801
29943802
29943803
29943804
29943805
29943806
29943807
29943808
29943809
29943810
29943811
29943812
29943813
29943814
29943815
29943816
29943817
29943818
29943819
29943820
29943821
29943822
29943823
29943824
29943825
29943826
29943827
29943828
29943829
29943830
29943831
29943832
29943833
29943834
29943835
29943836
29943837
29943838
29943839
29943840
29943841
29943842
29943843
29943844
29943845
29943846
29943847
29943848
29943849
29943850
29943851
29943852
29943853
29943854
29943855
29943856
29943857
29943858
29943859
29943860
29943861
29943862
29943863
29943864
29943865
29943866
29943867
29943868
29943869
29943870
29943871
29943872
29943873
29943874
29943875
29943876
29943877
29943878
29943879
29943880
29943881
29943882
29943883
29943884
29943885
29943886
29943887
29943888
29943889
29943890
29943891
29943892
29943893
29943894
29943895
29943896
29943897
29943898
29943899
29943900
29943901
29943902
29943903
29943904
29943905
29943906
29943907
29943908
29943909
29943910
29943911
29943912
29943913
29943914
29943915
29943916
29943917
29943918
29943919
29943920
29943921
29943922
29943923
29943924
29943925
29943926
29943927
29943928
29943929
29943930
29943931
29943932
29943933
29943934
29943935
29943936
29943937
29943938
29943939
29943940
29943941
29943942
29943943
29943944
29943945
29943946
29943947
29943948
29943949
29943950
29943951
29943952
29943953
29943954
29943955
29943956
29943957
29943958
29943959
29943960
29943961
29943962
29943963
29943964
29943965
29943966
29943967
29943968
29943969
29943970
29943971
29943972
29943973
29943974
29943975
29943976
29943977
29943978
29943979
29943980
29943981
29943982
29943983
29943984
29943985
29943986
29943987
29943988
29943989
29943990
29943991
29943992
29943993
29943994
29943995
29943996
29943997
29943998
29943999
29944000
29944001
29944002
29944003
29944004
29944005
29944006
29944007
29944008
29944009
29944010
29944011
29944012
29944013
29944014
29944015
29944016
29944017
29944018
29944019
29944020
29944021
29944022
29944023
29944024
29944025
29944026
29944027
29944028
29944029
29944030
29944031
29944032
29944033
29944034
29944035
29944036
29944037
29944038
29944039
29944040
29944041
29944042
29944043
29944044
29944045
29944046
29944047
29944048
29944049
29944050
29944051
29944052
29944053
29944054
29944055
29944056
29944057
29944058
29944059
29944060
29944061
29944062
29944063
29944064
29944065
29944066
29944067
29944068
29944069
29944070
29944071
29944072
29944073
29944074
29944075
29944076
29944077
29944078
29944079
29944080
29944081
29944082
29944083
29944084
29944085
29944086
29944087
29944088
29944089
29944090
29944091
29944092
29944093
29944094
29944095
29944096
29944097
29944098
29944099
29944100
29944101
29944102
29944103
29944104
29944105
29944106
29944107
29944108
29944109
29944110
29944111
29944112
29944113
29944114
29944115
29944116
29944117
29944118
29944119
29944120
29944121
29944122
29944123
29944124
29944125
29944126
29944127
29944128
29944129
29944130
29944131
29944132
29944133
29944134
29944135
29944136
29944137
29944138
29944139
29944140
29944141
29944142
29944143
29944144
29944145
29944146
29944147
29944148
29944149
29944150
29944151
29944152
29944153
29944154
29944155
29944156
29944157
29944158
29944159
29944160
29944161
29944162
29944163
29944164
29944165
29944166
29944167
29944168
29944169
29944170
29944171
29944172
29944173
29944174
29944175
29944176
29944177
29944178
29944179
29944180
29944181
29944182
29944183
29944184
29944185
29944186
29944187
29944188
29944189
29944190
29944191
29944192
29944193
29944194
29944195
29944196
29944197
29944198
29944199
29944200
29944201
29944202
29944203
29944204
29944205
29944206
29944207
29944208
29944209
29944210
29944211
29944212
29944213
29944214
29944215
29944216
29944217
29944218
29944219
29944220
29944221
29944222
29944223
29944224
29944225
29944226
29944227
29944228
29944229
29944230
29944231
29944232
29944233
29944234
29944235
29944236
29944237
29944238
29944239
29944240
29944241
29944242
29944243
29944244
29944245
29944246
29944247
29944248
29944249
29944250
29944251
29944252
29944253
29944254
29944255
29944256
29944257
29944258
29944259
29944260
29944261
29944262
29944263
29944264
29944265
29944266
29944267
29944268
29944269
29944270
29944271
29944272
29944273
29944274
29944275
29944276
29944277
29944278
29944279
29944280
29944281
29944282
29944283
29944284
29944285
29944286
29944287
29944288
29944289
29944290
29944291
29944292
29944293
29944294
29944295
29944296
29944297
29944298
29944299
29944300
29944301
29944302
29944303
29944304
29944305
29944306
29944307
29944308
29944309
29944310
29944311
29944312
29944313
29944314
29944315
29944316
29944317
29944318
29944319
29944320
29944321
29944322
29944323
29944324
29944325
29944326
29944327
29944328
29944329
29944330
29944331
29944332
29944333
29944334
29944335
29944336
29944337
29944338
29944339
29944340
29944341
29944342
29944343
29944344
29944345
29944346
29944347
29944348
29944349
29944350
29944351
29944352
29944353
29944354
29944355
29944356
29944357
29944358
29944359
29944360
29944361
29944362
29944363
29944364
29944365
29944366
29944367
29944368
29944369
29944370
29944371
29944372
29944373
29944374
29944375
29944376
29944377
29944378
29944379
29944380
29944381
29944382
29944383
29944384
29944385
29944386
29944387
29944388
29944389
29944390
29944391
29944392
29944393
29944394
29944395
29944396
29944397
29944398
29944399
29944400
29944401
29944402
29944403
29944404
29944405
29944406
29944407
29944408
29944409
29944410
29944411
29944412
29944413
29944414
29944415
29944416
29944417
29944418
29944419
29944420
29944421
29944422
29944423
29944424
29944425
29944426
29944427
29944428
29944429
29944430
29944431
29944432
29944433
29944434
29944435
29944436
29944437
29944438
29944439
29944440
29944441
29944442
29944443
29944444
29944445
29944446
29944447
29944448
29944449
29944450
29944451
29944452
29944453
29944454
29944455
29944456
29944457
29944458
29944459
29944460
29944461
29944462
29944463
29944464
29944465
29944466
29944467
29944468
29944469
29944470
29944471
29944472
29944473
29944474
29944475
29944476
29944477
29944478
29944479
29944480
29944481
29944482
29944483
29944484
29944485
29944486
29944487
29944488
29944489
29944490
29944491
29944492
29944493
29944494
29944495
29944496
29944497
29944498
29944499
29944500
29944501
29944502
29944503
29944504
29944505
29944506
29944507
29944508
29944509
29944510
29944511
29944512
29944513
29944514
29944515
29944516
29944517
29944518
29944519
29944520
29944521
29944522
29944523
29944524
29944525
29944526
29944527
29944528
29944529
29944530
29944531
29944532
29944533
29944534
29944535
29944536
29944537
29944538
29944539
29944540
29944541
29944542
29944543
29944544
29944545
29944546
29944547
29944548
29944549
29944550
29944551
29944552
29944553
29944554
29944555
29944556
29944557
29944558
29944559
29944560
29944561
29944562
29944563
29944564
29944565
29944566
29944567
29944568
29944569
29944570
29944571
29944572
29944573
29944574
29944575
29944576
29944577
29944578
29944579
29944580
29944581
29944582
29944583
29944584
29944585
29944586
29944587
29944588
29944589
29944590
29944591
29944592
29944593
29944594
29944595
29944596
29944597
29944598
29944599
29944600
29944601
29944602
29944603
29944604
29944605
29944606
29944607
29944608
29944609
29944610
29944611
29944612
29944613
29944614
29944615
29944616
29944617
29944618
29944619
29944620
29944621
29944622
29944623
29944624
29944625
29944626
29944627
29944628
29944629
29944630
29944631
29944632
29944633
29944634
29944635
29944636
29944637
29944638
29944639
29944640
29944641
29944642
29944643
29944644
29944645
29944646
29944647
29944648
29944649
29944650
29944651
29944652
29944653
29944654
29944655
29944656
29944657
29944658
29944659
29944660
29944661
29944662
29944663
29944664
29944665
29944666
29944667
29944668
29944669
29944670
29944671
29944672
29944673
29944674
29944675
29944676
29944677
29944678
29944679
29944680
29944681
29944682
29944683
29944684
29944685
29944686
29944687
29944688
29944689
29944690
29944691
29944692
29944693
29944694
29944695
29944696
29944697
29944698
29944699
29944700
29944701
29944702
29944703
29944704
29944705
29944706
29944707
29944708
29944709
29944710
29944711
29944712
29944713
29944714
29944715
29944716
29944717
29944718
29944719
29944720
29944721
29944722
29944723
29944724
29944725
29944726
29944727
29944728
29944729
29944730
29944731
29944732
29944733
29944734
29944735
29944736
29944737
29944738
29944739
29944740
29944741
29944742
29944743
29944744
29944745
29944746
29944747
29944748
29944749
29944750
29944751
29944752
29944753
29944754
29944755
29944756
29944757
29944758
29944759
29944760
29944761
29944762
29944763
29944764
29944765
29944766
29944767
29944768
29944769
29944770
29944771
29944772
29944773
29944774
29944775
29944776
29944777
29944778
29944779
29944780
29944781
29944782
29944783
29944784
29944785
29944786
29944787
29944788
29944789
29944790
29944791
29944792
29944793
29944794
29944795
29944796
29944797
29944798
29944799
29944800
29944801
29944802
29944803
29944804
29944805
29944806
29944807
29944808
29944809
29944810
29944811
29944812
29944813
29944814
29944815
29944816
29944817
29944818
29944819
29944820
29944821
29944822
29944823
29944824
29944825
29944826
29944827
29944828
29944829
29944830
29944831
29944832
29944833
29944834
29944835
29944836
29944837
29944838
29944839
29944840
29944841
29944842
29944843
29944844
29944845
29944846
29944847
29944848
29944849
29944850
29944851
29944852
29944853
29944854
29944855
29944856
29944857
29944858
29944859
29944860
29944861
29944862
29944863
29944864
29944865
29944866
29944867
29944868
29944869
29944870
29944871
29944872
29944873
29944874
29944875
29944876
29944877
29944878
29944879
29944880
29944881
29944882
29944883
29944884
29944885
29944886
29944887
29944888
29944889
29944890
29944891
29944892
29944893
29944894
29944895
29944896
29944897
29944898
29944899
29944900
29944901
29944902
29944903
29944904
29944905
29944906
29944907
29944908
29944909
29944910
29944911
29944912
29944913
29944914
29944915
29944916
29944917
29944918
29944919
29944920
29944921
29944922
29944923
29944924
29944925
29944926
29944927
29944928
29944929
29944930
29944931
29944932
29944933
29944934
29944935
29944936
29944937
29944938
29944939
29944940
29944941
29944942
29944943
29944944
29944945
29944946
29944947
29944948
29944949
29944950
29944951
29944952
29944953
29944954
29944955
29944956
29944957
29944958
29944959
29944960
29944961
29944962
29944963
29944964
29944965
29944966
29944967
29944968
29944969
29944970
29944971
29944972
29944973
29944974
29944975
29944976
29944977
29944978
29944979
29944980
29944981
29944982
29944983
29944984
29944985
29944986
29944987
29944988
29944989
29944990
29944991
29944992
29944993
29944994
29944995
29944996
29944997
29944998
29944999
29945000
29945001
29945002
29945003
29945004
29945005
29945006
29945007
29945008
29945009
29945010
29945011
29945012
29945013
29945014
29945015
29945016
29945017
29945018
29945019
29945020
29945021
29945022
29945023
29945024
29945025
29945026
29945027
29945028
29945029
29945030
29945031
29945032
29945033
29945034
29945035
29945036
29945037
29945038
29945039
29945040
29945041
29945042
29945043
29945044
29945045
29945046
29945047
29945048
29945049
29945050
29945051
29945052
29945053
29945054
29945055
29945056
29945057
29945058
29945059
29945060
29945061
29945062
29945063
29945064
29945065
29945066
29945067
29945068
29945069
29945070
29945071
29945072
29945073
29945074
29945075
29945076
29945077
29945078
29945079
29945080
29945081
29945082
29945083
29945084
29945085
29945086
29945087
29945088
29945089
29945090
29945091
29945092
29945093
29945094
29945095
29945096
29945097
29945098
29945099
29945100
29945101
29945102
29945103
29945104
29945105
29945106
29945107
29945108
29945109
29945110
29945111
29945112
29945113
29945114
29945115
29945116
29945117
29945118
29945119
29945120
29945121
29945122
29945123
29945124
29945125
29945126
29945127
29945128
29945129
29945130
29945131
29945132
29945133
29945134
29945135
29945136
29945137
29945138
29945139
29945140
29945141
29945142
29945143
29945144
29945145
29945146
29945147
29945148
29945149
29945150
29945151
29945152
29945153
29945154
29945155
29945156
29945157
29945158
29945159
29945160
29945161
29945162
29945163
29945164
29945165
29945166
29945167
29945168
29945169
29945170
29945171
29945172
29945173
29945174
29945175
29945176
29945177
29945178
29945179
29945180
29945181
29945182
29945183
29945184
29945185
29945186
29945187
29945188
29945189
29945190
29945191
29945192
29945193
29945194
29945195
29945196
29945197
29945198
29945199
29945200
29945201
29945202
29945203
29945204
29945205
29945206
29945207
29945208
29945209
29945210
29945211
29945212
29945213
29945214
29945215
29945216
29945217
29945218
29945219
29945220
29945221
29945222
29945223
29945224
29945225
29945226
29945227
29945228
29945229
29945230
29945231
29945232
29945233
29945234
29945235
29945236
29945237
29945238
29945239
29945240
29945241
29945242
29945243
29945244
29945245
29945246
29945247
29945248
29945249
29945250
29945251
29945252
29945253
29945254
29945255
29945256
29945257
29945258
29945259
29945260
29945261
29945262
29945263
29945264
29945265
29945266
29945267
29945268
29945269
29945270
29945271
29945272
29945273
29945274
29945275
29945276
29945277
29945278
29945279
29945280
29945281
29945282
29945283
29945284
29945285
29945286
29945287
29945288
29945289
29945290
29945291
29945292
29945293
29945294
29945295
29945296
29945297
29945298
29945299
29945300
29945301
29945302
29945303
29945304
29945305
29945306
29945307
29945308
29945309
29945310
29945311
29945312
29945313
29945314
29945315
29945316
29945317
29945318
29945319
29945320
29945321
29945322
29945323
29945324
29945325
29945326
29945327
29945328
29945329
29945330
29945331
29945332
29945333
29945334
29945335
29945336
29945337
29945338
29945339
29945340
29945341
29945342
29945343
29945344
29945345
29945346
29945347
29945348
29945349
29945350
29945351
29945352
29945353
29945354
29945355
29945356
29945357
29945358
29945359
29945360
29945361
29945362
29945363
29945364
29945365
29945366
29945367
29945368
29945369
29945370
29945371
29945372
29945373
29945374
29945375
29945376
29945377
29945378
29945379
29945380
29945381
29945382
29945383
29945384
29945385
29945386
29945387
29945388
29945389
29945390
29945391
29945392
29945393
29945394
29945395
29945396
29945397
29945398
29945399
29945400
29945401
29945402
29945403
29945404
29945405
29945406
29945407
29945408
29945409
29945410
29945411
29945412
29945413
29945414
29945415
29945416
29945417
29945418
29945419
29945420
29945421
29945422
29945423
29945424
29945425
29945426
29945427
29945428
29945429
29945430
29945431
29945432
29945433
29945434
29945435
29945436
29945437
29945438
29945439
29945440
29945441
29945442
29945443
29945444
29945445
29945446
29945447
29945448
29945449
29945450
29945451
29945452
29945453
29945454
29945455
29945456
29945457
29945458
29945459
29945460
29945461
29945462
29945463
29945464
29945465
29945466
29945467
29945468
29945469
29945470
29945471
29945472
29945473
29945474
29945475
29945476
29945477
29945478
29945479
29945480
29945481
29945482
29945483
29945484
29945485
29945486
29945487
29945488
29945489
29945490
29945491
29945492
29945493
29945494
29945495
29945496
29945497
29945498
29945499
29945500
29945501
29945502
29945503
29945504
29945505
29945506
29945507
29945508
29945509
29945510
29945511
29945512
29945513
29945514
29945515
29945516
29945517
29945518
29945519
29945520
29945521
29945522
29945523
29945524
29945525
29945526
29945527
29945528
29945529
29945530
29945531
29945532
29945533
29945534
29945535
29945536
29945537
29945538
29945539
29945540
29945541
29945542
29945543
29945544
29945545
29945546
29945547
29945548
29945549
29945550
29945551
29945552
29945553
29945554
29945555
29945556
29945557
29945558
29945559
29945560
29945561
29945562
29945563
29945564
29945565
29945566
29945567
29945568
29945569
29945570
29945571
29945572
29945573
29945574
29945575
29945576
29945577
29945578
29945579
29945580
29945581
29945582
29945583
29945584
29945585
29945586
29945587
29945588
29945589
29945590
29945591
29945592
29945593
29945594
29945595
29945596
29945597
29945598
29945599
29945600
29945601
29945602
29945603
29945604
29945605
29945606
29945607
29945608
29945609
29945610
29945611
29945612
29945613
29945614
29945615
29945616
29945617
29945618
29945619
29945620
29945621
29945622
29945623
29945624
29945625
29945626
29945627
29945628
29945629
29945630
29945631
29945632
29945633
29945634
29945635
29945636
29945637
29945638
29945639
29945640
29945641
29945642
29945643
29945644
29945645
29945646
29945647
29945648
29945649
29945650
29945651
29945652
29945653
29945654
29945655
29945656
29945657
29945658
29945659
29945660
29945661
29945662
29945663
29945664
29945665
29945666
29945667
29945668
29945669
29945670
29945671
29945672
29945673
29945674
29945675
29945676
29945677
29945678
29945679
29945680
29945681
29945682
29945683
29945684
29945685
29945686
29945687
29945688
29945689
29945690
29945691
29945692
29945693
29945694
29945695
29945696
29945697
29945698
29945699
29945700
29945701
29945702
29945703
29945704
29945705
29945706
29945707
29945708
29945709
29945710
29945711
29945712
29945713
29945714
29945715
29945716
29945717
29945718
29945719
29945720
29945721
29945722
29945723
29945724
29945725
29945726
29945727
29945728
29945729
29945730
29945731
29945732
29945733
29945734
29945735
29945736
29945737
29945738
29945739
29945740
29945741
29945742
29945743
29945744
29945745
29945746
29945747
29945748
29945749
29945750
29945751
29945752
29945753
29945754
29945755
29945756
29945757
29945758
29945759
29945760
29945761
29945762
29945763
29945764
29945765
29945766
29945767
29945768
29945769
29945770
29945771
29945772
29945773
29945774
29945775
29945776
29945777
29945778
29945779
29945780
29945781
29945782
29945783
29945784
29945785
29945786
29945787
29945788
29945789
29945790
29945791
29945792
29945793
29945794
29945795
29945796
29945797
29945798
29945799
29945800
29945801
29945802
29945803
29945804
29945805
29945806
29945807
29945808
29945809
29945810
29945811
29945812
29945813
29945814
29945815
29945816
29945817
29945818
29945819
29945820
29945821
29945822
29945823
29945824
29945825
29945826
29945827
29945828
29945829
29945830
29945831
29945832
29945833
29945834
29945835
29945836
29945837
29945838
29945839
29945840
29945841
29945842
29945843
29945844
29945845
29945846
29945847
29945848
29945849
29945850
29945851
29945852
29945853
29945854
29945855
29945856
29945857
29945858
29945859
29945860
29945861
29945862
29945863
29945864
29945865
29945866
29945867
29945868
29945869
29945870
29945871
29945872
29945873
29945874
29945875
29945876
29945877
29945878
29945879
29945880
29945881
29945882
29945883
29945884
29945885
29945886
29945887
29945888
29945889
29945890
29945891
29945892
29945893
29945894
29945895
29945896
29945897
29945898
29945899
29945900
29945901
29945902
29945903
29945904
29945905
29945906
29945907
29945908
29945909
29945910
29945911
29945912
29945913
29945914
29945915
29945916
29945917
29945918
29945919
29945920
29945921
29945922
29945923
29945924
29945925
29945926
29945927
29945928
29945929
29945930
29945931
29945932
29945933
29945934
29945935
29945936
29945937
29945938
29945939
29945940
29945941
29945942
29945943
29945944
29945945
29945946
29945947
29945948
29945949
29945950
29945951
29945952
29945953
29945954
29945955
29945956
29945957
29945958
29945959
29945960
29945961
29945962
29945963
29945964
29945965
29945966
29945967
29945968
29945969
29945970
29945971
29945972
29945973
29945974
29945975
29945976
29945977
29945978
29945979
29945980
29945981
29945982
29945983
29945984
29945985
29945986
29945987
29945988
29945989
29945990
29945991
29945992
29945993
29945994
29945995
29945996
29945997
29945998
29945999
29946000
29946001
29946002
29946003
29946004
29946005
29946006
29946007
29946008
29946009
29946010
29946011
29946012
29946013
29946014
29946015
29946016
29946017
29946018
29946019
29946020
29946021
29946022
29946023
29946024
29946025
29946026
29946027
29946028
29946029
29946030
29946031
29946032
29946033
29946034
29946035
29946036
29946037
29946038
29946039
29946040
29946041
29946042
29946043
29946044
29946045
29946046
29946047
29946048
29946049
29946050
29946051
29946052
29946053
29946054
29946055
29946056
29946057
29946058
29946059
29946060
29946061
29946062
29946063
29946064
29946065
29946066
29946067
29946068
29946069
29946070
29946071
29946072
29946073
29946074
29946075
29946076
29946077
29946078
29946079
29946080
29946081
29946082
29946083
29946084
29946085
29946086
29946087
29946088
29946089
29946090
29946091
29946092
29946093
29946094
29946095
29946096
29946097
29946098
29946099
29946100
29946101
29946102
29946103
29946104
29946105
29946106
29946107
29946108
29946109
29946110
29946111
29946112
29946113
29946114
29946115
29946116
29946117
29946118
29946119
29946120
29946121
29946122
29946123
29946124
29946125
29946126
29946127
29946128
29946129
29946130
29946131
29946132
29946133
29946134
29946135
29946136
29946137
29946138
29946139
29946140
29946141
29946142
29946143
29946144
29946145
29946146
29946147
29946148
29946149
29946150
29946151
29946152
29946153
29946154
29946155
29946156
29946157
29946158
29946159
29946160
29946161
29946162
29946163
29946164
29946165
29946166
29946167
29946168
29946169
29946170
29946171
29946172
29946173
29946174
29946175
29946176
29946177
29946178
29946179
29946180
29946181
29946182
29946183
29946184
29946185
29946186
29946187
29946188
29946189
29946190
29946191
29946192
29946193
29946194
29946195
29946196
29946197
29946198
29946199
29946200
29946201
29946202
29946203
29946204
29946205
29946206
29946207
29946208
29946209
29946210
29946211
29946212
29946213
29946214
29946215
29946216
29946217
29946218
29946219
29946220
29946221
29946222
29946223
29946224
29946225
29946226
29946227
29946228
29946229
29946230
29946231
29946232
29946233
29946234
29946235
29946236
29946237
29946238
29946239
29946240
29946241
29946242
29946243
29946244
29946245
29946246
29946247
29946248
29946249
29946250
29946251
29946252
29946253
29946254
29946255
29946256
29946257
29946258
29946259
29946260
29946261
29946262
29946263
29946264
29946265
29946266
29946267
29946268
29946269
29946270
29946271
29946272
29946273
29946274
29946275
29946276
29946277
29946278
29946279
29946280
29946281
29946282
29946283
29946284
29946285
29946286
29946287
29946288
29946289
29946290
29946291
29946292
29946293
29946294
29946295
29946296
29946297
29946298
29946299
29946300
29946301
29946302
29946303
29946304
29946305
29946306
29946307
29946308
29946309
29946310
29946311
29946312
29946313
29946314
29946315
29946316
29946317
29946318
29946319
29946320
29946321
29946322
29946323
29946324
29946325
29946326
29946327
29946328
29946329
29946330
29946331
29946332
29946333
29946334
29946335
29946336
29946337
29946338
29946339
29946340
29946341
29946342
29946343
29946344
29946345
29946346
29946347
29946348
29946349
29946350
29946351
29946352
29946353
29946354
29946355
29946356
29946357
29946358
29946359
29946360
29946361
29946362
29946363
29946364
29946365
29946366
29946367
29946368
29946369
29946370
29946371
29946372
29946373
29946374
29946375
29946376
29946377
29946378
29946379
29946380
29946381
29946382
29946383
29946384
29946385
29946386
29946387
29946388
29946389
29946390
29946391
29946392
29946393
29946394
29946395
29946396
29946397
29946398
29946399
29946400
29946401
29946402
29946403
29946404
29946405
29946406
29946407
29946408
29946409
29946410
29946411
29946412
29946413
29946414
29946415
29946416
29946417
29946418
29946419
29946420
29946421
29946422
29946423
29946424
29946425
29946426
29946427
29946428
29946429
29946430
29946431
29946432
29946433
29946434
29946435
29946436
29946437
29946438
29946439
29946440
29946441
29946442
29946443
29946444
29946445
29946446
29946447
29946448
29946449
29946450
29946451
29946452
29946453
29946454
29946455
29946456
29946457
29946458
29946459
29946460
29946461
29946462
29946463
29946464
29946465
29946466
29946467
29946468
29946469
29946470
29946471
29946472
29946473
29946474
29946475
29946476
29946477
29946478
29946479
29946480
29946481
29946482
29946483
29946484
29946485
29946486
29946487
29946488
29946489
29946490
29946491
29946492
29946493
29946494
29946495
29946496
29946497
29946498
29946499
29946500
29946501
29946502
29946503
29946504
29946505
29946506
29946507
29946508
29946509
29946510
29946511
29946512
29946513
29946514
29946515
29946516
29946517
29946518
29946519
29946520
29946521
29946522
29946523
29946524
29946525
29946526
29946527
29946528
29946529
29946530
29946531
29946532
29946533
29946534
29946535
29946536
29946537
29946538
29946539
29946540
29946541
29946542
29946543
29946544
29946545
29946546
29946547
29946548
29946549
29946550
29946551
29946552
29946553
29946554
29946555
29946556
29946557
29946558
29946559
29946560
29946561
29946562
29946563
29946564
29946565
29946566
29946567
29946568
29946569
29946570
29946571
29946572
29946573
29946574
29946575
29946576
29946577
29946578
29946579
29946580
29946581
29946582
29946583
29946584
29946585
29946586
29946587
29946588
29946589
29946590
29946591
29946592
29946593
29946594
29946595
29946596
29946597
29946598
29946599
29946600
29946601
29946602
29946603
29946604
29946605
29946606
29946607
29946608
29946609
29946610
29946611
29946612
29946613
29946614
29946615
29946616
29946617
29946618
29946619
29946620
29946621
29946622
29946623
29946624
29946625
29946626
29946627
29946628
29946629
29946630
29946631
29946632
29946633
29946634
29946635
29946636
29946637
29946638
29946639
29946640
29946641
29946642
29946643
29946644
29946645
29946646
29946647
29946648
29946649
29946650
29946651
29946652
29946653
29946654
29946655
29946656
29946657
29946658
29946659
29946660
29946661
29946662
29946663
29946664
29946665
29946666
29946667
29946668
29946669
29946670
29946671
29946672
29946673
29946674
29946675
29946676
29946677
29946678
29946679
29946680
29946681
29946682
29946683
29946684
29946685
29946686
29946687
29946688
29946689
29946690
29946691
29946692
29946693
29946694
29946695
29946696
29946697
29946698
29946699
29946700
29946701
29946702
29946703
29946704
29946705
29946706
29946707
29946708
29946709
29946710
29946711
29946712
29946713
29946714
29946715
29946716
29946717
29946718
29946719
29946720
29946721
29946722
29946723
29946724
29946725
29946726
29946727
29946728
29946729
29946730
29946731
29946732
29946733
29946734
29946735
29946736
29946737
29946738
29946739
29946740
29946741
29946742
29946743
29946744
29946745
29946746
29946747
29946748
29946749
29946750
29946751
29946752
29946753
29946754
29946755
29946756
29946757
29946758
29946759
29946760
29946761
29946762
29946763
29946764
29946765
29946766
29946767
29946768
29946769
29946770
29946771
29946772
29946773
29946774
29946775
29946776
29946777
29946778
29946779
29946780
29946781
29946782
29946783
29946784
29946785
29946786
29946787
29946788
29946789
29946790
29946791
29946792
29946793
29946794
29946795
29946796
29946797
29946798
29946799
29946800
29946801
29946802
29946803
29946804
29946805
29946806
29946807
29946808
29946809
29946810
29946811
29946812
29946813
29946814
29946815
29946816
29946817
29946818
29946819
29946820
29946821
29946822
29946823
29946824
29946825
29946826
29946827
29946828
29946829
29946830
29946831
29946832
29946833
29946834
29946835
29946836
29946837
29946838
29946839
29946840
29946841
29946842
29946843
29946844
29946845
29946846
29946847
29946848
29946849
29946850
29946851
29946852
29946853
29946854
29946855
29946856
29946857
29946858
29946859
29946860
29946861
29946862
29946863
29946864
29946865
29946866
29946867
29946868
29946869
29946870
29946871
29946872
29946873
29946874
29946875
29946876
29946877
29946878
29946879
29946880
29946881
29946882
29946883
29946884
29946885
29946886
29946887
29946888
29946889
29946890
29946891
29946892
29946893
29946894
29946895
29946896
29946897
29946898
29946899
29946900
29946901
29946902
29946903
29946904
29946905
29946906
29946907
29946908
29946909
29946910
29946911
29946912
29946913
29946914
29946915
29946916
29946917
29946918
29946919
29946920
29946921
29946922
29946923
29946924
29946925
29946926
29946927
29946928
29946929
29946930
29946931
29946932
29946933
29946934
29946935
29946936
29946937
29946938
29946939
29946940
29946941
29946942
29946943
29946944
29946945
29946946
29946947
29946948
29946949
29946950
29946951
29946952
29946953
29946954
29946955
29946956
29946957
29946958
29946959
29946960
29946961
29946962
29946963
29946964
29946965
29946966
29946967
29946968
29946969
29946970
29946971
29946972
29946973
29946974
29946975
29946976
29946977
29946978
29946979
29946980
29946981
29946982
29946983
29946984
29946985
29946986
29946987
29946988
29946989
29946990
29946991
29946992
29946993
29946994
29946995
29946996
29946997
29946998
29946999
29947000
29947001
29947002
29947003
29947004
29947005
29947006
29947007
29947008
29947009
29947010
29947011
29947012
29947013
29947014
29947015
29947016
29947017
29947018
29947019
29947020
29947021
29947022
29947023
29947024
29947025
29947026
29947027
29947028
29947029
29947030
29947031
29947032
29947033
29947034
29947035
29947036
29947037
29947038
29947039
29947040
29947041
29947042
29947043
29947044
29947045
29947046
29947047
29947048
29947049
29947050
29947051
29947052
29947053
29947054
29947055
29947056
29947057
29947058
29947059
29947060
29947061
29947062
29947063
29947064
29947065
29947066
29947067
29947068
29947069
29947070
29947071
29947072
29947073
29947074
29947075
29947076
29947077
29947078
29947079
29947080
29947081
29947082
29947083
29947084
29947085
29947086
29947087
29947088
29947089
29947090
29947091
29947092
29947093
29947094
29947095
29947096
29947097
29947098
29947099
29947100
29947101
29947102
29947103
29947104
29947105
29947106
29947107
29947108
29947109
29947110
29947111
29947112
29947113
29947114
29947115
29947116
29947117
29947118
29947119
29947120
29947121
29947122
29947123
29947124
29947125
29947126
29947127
29947128
29947129
29947130
29947131
29947132
29947133
29947134
29947135
29947136
29947137
29947138
29947139
29947140
29947141
29947142
29947143
29947144
29947145
29947146
29947147
29947148
29947149
29947150
29947151
29947152
29947153
29947154
29947155
29947156
29947157
29947158
29947159
29947160
29947161
29947162
29947163
29947164
29947165
29947166
29947167
29947168
29947169
29947170
29947171
29947172
29947173
29947174
29947175
29947176
29947177
29947178
29947179
29947180
29947181
29947182
29947183
29947184
29947185
29947186
29947187
29947188
29947189
29947190
29947191
29947192
29947193
29947194
29947195
29947196
29947197
29947198
29947199
29947200
29947201
29947202
29947203
29947204
29947205
29947206
29947207
29947208
29947209
29947210
29947211
29947212
29947213
29947214
29947215
29947216
29947217
29947218
29947219
29947220
29947221
29947222
29947223
29947224
29947225
29947226
29947227
29947228
29947229
29947230
29947231
29947232
29947233
29947234
29947235
29947236
29947237
29947238
29947239
29947240
29947241
29947242
29947243
29947244
29947245
29947246
29947247
29947248
29947249
29947250
29947251
29947252
29947253
29947254
29947255
29947256
29947257
29947258
29947259
29947260
29947261
29947262
29947263
29947264
29947265
29947266
29947267
29947268
29947269
29947270
29947271
29947272
29947273
29947274
29947275
29947276
29947277
29947278
29947279
29947280
29947281
29947282
29947283
29947284
29947285
29947286
29947287
29947288
29947289
29947290
29947291
29947292
29947293
29947294
29947295
29947296
29947297
29947298
29947299
29947300
29947301
29947302
29947303
29947304
29947305
29947306
29947307
29947308
29947309
29947310
29947311
29947312
29947313
29947314
29947315
29947316
29947317
29947318
29947319
29947320
29947321
29947322
29947323
29947324
29947325
29947326
29947327
29947328
29947329
29947330
29947331
29947332
29947333
29947334
29947335
29947336
29947337
29947338
29947339
29947340
29947341
29947342
29947343
29947344
29947345
29947346
29947347
29947348
29947349
29947350
29947351
29947352
29947353
29947354
29947355
29947356
29947357
29947358
29947359
29947360
29947361
29947362
29947363
29947364
29947365
29947366
29947367
29947368
29947369
29947370
29947371
29947372
29947373
29947374
29947375
29947376
29947377
29947378
29947379
29947380
29947381
29947382
29947383
29947384
29947385
29947386
29947387
29947388
29947389
29947390
29947391
29947392
29947393
29947394
29947395
29947396
29947397
29947398
29947399
29947400
29947401
29947402
29947403
29947404
29947405
29947406
29947407
29947408
29947409
29947410
29947411
29947412
29947413
29947414
29947415
29947416
29947417
29947418
29947419
29947420
29947421
29947422
29947423
29947424
29947425
29947426
29947427
29947428
29947429
29947430
29947431
29947432
29947433
29947434
29947435
29947436
29947437
29947438
29947439
29947440
29947441
29947442
29947443
29947444
29947445
29947446
29947447
29947448
29947449
29947450
29947451
29947452
29947453
29947454
29947455
29947456
29947457
29947458
29947459
29947460
29947461
29947462
29947463
29947464
29947465
29947466
29947467
29947468
29947469
29947470
29947471
29947472
29947473
29947474
29947475
29947476
29947477
29947478
29947479
29947480
29947481
29947482
29947483
29947484
29947485
29947486
29947487
29947488
29947489
29947490
29947491
29947492
29947493
29947494
29947495
29947496
29947497
29947498
29947499
29947500
29947501
29947502
29947503
29947504
29947505
29947506
29947507
29947508
29947509
29947510
29947511
29947512
29947513
29947514
29947515
29947516
29947517
29947518
29947519
29947520
29947521
29947522
29947523
29947524
29947525
29947526
29947527
29947528
29947529
29947530
29947531
29947532
29947533
29947534
29947535
29947536
29947537
29947538
29947539
29947540
29947541
29947542
29947543
29947544
29947545
29947546
29947547
29947548
29947549
29947550
29947551
29947552
29947553
29947554
29947555
29947556
29947557
29947558
29947559
29947560
29947561
29947562
29947563
29947564
29947565
29947566
29947567
29947568
29947569
29947570
29947571
29947572
29947573
29947574
29947575
29947576
29947577
29947578
29947579
29947580
29947581
29947582
29947583
29947584
29947585
29947586
29947587
29947588
29947589
29947590
29947591
29947592
29947593
29947594
29947595
29947596
29947597
29947598
29947599
29947600
29947601
29947602
29947603
29947604
29947605
29947606
29947607
29947608
29947609
29947610
29947611
29947612
29947613
29947614
29947615
29947616
29947617
29947618
29947619
29947620
29947621
29947622
29947623
29947624
29947625
29947626
29947627
29947628
29947629
29947630
29947631
29947632
29947633
29947634
29947635
29947636
29947637
29947638
29947639
29947640
29947641
29947642
29947643
29947644
29947645
29947646
29947647
29947648
29947649
29947650
29947651
29947652
29947653
29947654
29947655
29947656
29947657
29947658
29947659
29947660
29947661
29947662
29947663
29947664
29947665
29947666
29947667
29947668
29947669
29947670
29947671
29947672
29947673
29947674
29947675
29947676
29947677
29947678
29947679
29947680
29947681
29947682
29947683
29947684
29947685
29947686
29947687
29947688
29947689
29947690
29947691
29947692
29947693
29947694
29947695
29947696
29947697
29947698
29947699
29947700
29947701
29947702
29947703
29947704
29947705
29947706
29947707
29947708
29947709
29947710
29947711
29947712
29947713
29947714
29947715
29947716
29947717
29947718
29947719
29947720
29947721
29947722
29947723
29947724
29947725
29947726
29947727
29947728
29947729
29947730
29947731
29947732
29947733
29947734
29947735
29947736
29947737
29947738
29947739
29947740
29947741
29947742
29947743
29947744
29947745
29947746
29947747
29947748
29947749
29947750
29947751
29947752
29947753
29947754
29947755
29947756
29947757
29947758
29947759
29947760
29947761
29947762
29947763
29947764
29947765
29947766
29947767
29947768
29947769
29947770
29947771
29947772
29947773
29947774
29947775
29947776
29947777
29947778
29947779
29947780
29947781
29947782
29947783
29947784
29947785
29947786
29947787
29947788
29947789
29947790
29947791
29947792
29947793
29947794
29947795
29947796
29947797
29947798
29947799
29947800
29947801
29947802
29947803
29947804
29947805
29947806
29947807
29947808
29947809
29947810
29947811
29947812
29947813
29947814
29947815
29947816
29947817
29947818
29947819
29947820
29947821
29947822
29947823
29947824
29947825
29947826
29947827
29947828
29947829
29947830
29947831
29947832
29947833
29947834
29947835
29947836
29947837
29947838
29947839
29947840
29947841
29947842
29947843
29947844
29947845
29947846
29947847
29947848
29947849
29947850
29947851
29947852
29947853
29947854
29947855
29947856
29947857
29947858
29947859
29947860
29947861
29947862
29947863
29947864
29947865
29947866
29947867
29947868
29947869
29947870
29947871
29947872
29947873
29947874
29947875
29947876
29947877
29947878
29947879
29947880
29947881
29947882
29947883
29947884
29947885
29947886
29947887
29947888
29947889
29947890
29947891
29947892
29947893
29947894
29947895
29947896
29947897
29947898
29947899
29947900
29947901
29947902
29947903
29947904
29947905
29947906
29947907
29947908
29947909
29947910
29947911
29947912
29947913
29947914
29947915
29947916
29947917
29947918
29947919
29947920
29947921
29947922
29947923
29947924
29947925
29947926
29947927
29947928
29947929
29947930
29947931
29947932
29947933
29947934
29947935
29947936
29947937
29947938
29947939
29947940
29947941
29947942
29947943
29947944
29947945
29947946
29947947
29947948
29947949
29947950
29947951
29947952
29947953
29947954
29947955
29947956
29947957
29947958
29947959
29947960
29947961
29947962
29947963
29947964
29947965
29947966
29947967
29947968
29947969
29947970
29947971
29947972
29947973
29947974
29947975
29947976
29947977
29947978
29947979
29947980
29947981
29947982
29947983
29947984
29947985
29947986
29947987
29947988
29947989
29947990
29947991
29947992
29947993
29947994
29947995
29947996
29947997
29947998
29947999
29948000
29948001
29948002
29948003
29948004
29948005
29948006
29948007
29948008
29948009
29948010
29948011
29948012
29948013
29948014
29948015
29948016
29948017
29948018
29948019
29948020
29948021
29948022
29948023
29948024
29948025
29948026
29948027
29948028
29948029
29948030
29948031
29948032
29948033
29948034
29948035
29948036
29948037
29948038
29948039
29948040
29948041
29948042
29948043
29948044
29948045
29948046
29948047
29948048
29948049
29948050
29948051
29948052
29948053
29948054
29948055
29948056
29948057
29948058
29948059
29948060
29948061
29948062
29948063
29948064
29948065
29948066
29948067
29948068
29948069
29948070
29948071
29948072
29948073
29948074
29948075
29948076
29948077
29948078
29948079
29948080
29948081
29948082
29948083
29948084
29948085
29948086
29948087
29948088
29948089
29948090
29948091
29948092
29948093
29948094
29948095
29948096
29948097
29948098
29948099
29948100
29948101
29948102
29948103
29948104
29948105
29948106
29948107
29948108
29948109
29948110
29948111
29948112
29948113
29948114
29948115
29948116
29948117
29948118
29948119
29948120
29948121
29948122
29948123
29948124
29948125
29948126
29948127
29948128
29948129
29948130
29948131
29948132
29948133
29948134
29948135
29948136
29948137
29948138
29948139
29948140
29948141
29948142
29948143
29948144
29948145
29948146
29948147
29948148
29948149
29948150
29948151
29948152
29948153
29948154
29948155
29948156
29948157
29948158
29948159
29948160
29948161
29948162
29948163
29948164
29948165
29948166
29948167
29948168
29948169
29948170
29948171
29948172
29948173
29948174
29948175
29948176
29948177
29948178
29948179
29948180
29948181
29948182
29948183
29948184
29948185
29948186
29948187
29948188
29948189
29948190
29948191
29948192
29948193
29948194
29948195
29948196
29948197
29948198
29948199
29948200
29948201
29948202
29948203
29948204
29948205
29948206
29948207
29948208
29948209
29948210
29948211
29948212
29948213
29948214
29948215
29948216
29948217
29948218
29948219
29948220
29948221
29948222
29948223
29948224
29948225
29948226
29948227
29948228
29948229
29948230
29948231
29948232
29948233
29948234
29948235
29948236
29948237
29948238
29948239
29948240
29948241
29948242
29948243
29948244
29948245
29948246
29948247
29948248
29948249
29948250
29948251
29948252
29948253
29948254
29948255
29948256
29948257
29948258
29948259
29948260
29948261
29948262
29948263
29948264
29948265
29948266
29948267
29948268
29948269
29948270
29948271
29948272
29948273
29948274
29948275
29948276
29948277
29948278
29948279
29948280
29948281
29948282
29948283
29948284
29948285
29948286
29948287
29948288
29948289
29948290
29948291
29948292
29948293
29948294
29948295
29948296
29948297
29948298
29948299
29948300
29948301
29948302
29948303
29948304
29948305
29948306
29948307
29948308
29948309
29948310
29948311
29948312
29948313
29948314
29948315
29948316
29948317
29948318
29948319
29948320
29948321
29948322
29948323
29948324
29948325
29948326
29948327
29948328
29948329
29948330
29948331
29948332
29948333
29948334
29948335
29948336
29948337
29948338
29948339
29948340
29948341
29948342
29948343
29948344
29948345
29948346
29948347
29948348
29948349
29948350
29948351
29948352
29948353
29948354
29948355
29948356
29948357
29948358
29948359
29948360
29948361
29948362
29948363
29948364
29948365
29948366
29948367
29948368
29948369
29948370
29948371
29948372
29948373
29948374
29948375
29948376
29948377
29948378
29948379
29948380
29948381
29948382
29948383
29948384
29948385
29948386
29948387
29948388
29948389
29948390
29948391
29948392
29948393
29948394
29948395
29948396
29948397
29948398
29948399
29948400
29948401
29948402
29948403
29948404
29948405
29948406
29948407
29948408
29948409
29948410
29948411
29948412
29948413
29948414
29948415
29948416
29948417
29948418
29948419
29948420
29948421
29948422
29948423
29948424
29948425
29948426
29948427
29948428
29948429
29948430
29948431
29948432
29948433
29948434
29948435
29948436
29948437
29948438
29948439
29948440
29948441
29948442
29948443
29948444
29948445
29948446
29948447
29948448
29948449
29948450
29948451
29948452
29948453
29948454
29948455
29948456
29948457
29948458
29948459
29948460
29948461
29948462
29948463
29948464
29948465
29948466
29948467
29948468
29948469
29948470
29948471
29948472
29948473
29948474
29948475
29948476
29948477
29948478
29948479
29948480
29948481
29948482
29948483
29948484
29948485
29948486
29948487
29948488
29948489
29948490
29948491
29948492
29948493
29948494
29948495
29948496
29948497
29948498
29948499
29948500
29948501
29948502
29948503
29948504
29948505
29948506
29948507
29948508
29948509
29948510
29948511
29948512
29948513
29948514
29948515
29948516
29948517
29948518
29948519
29948520
29948521
29948522
29948523
29948524
29948525
29948526
29948527
29948528
29948529
29948530
29948531
29948532
29948533
29948534
29948535
29948536
29948537
29948538
29948539
29948540
29948541
29948542
29948543
29948544
29948545
29948546
29948547
29948548
29948549
29948550
29948551
29948552
29948553
29948554
29948555
29948556
29948557
29948558
29948559
29948560
29948561
29948562
29948563
29948564
29948565
29948566
29948567
29948568
29948569
29948570
29948571
29948572
29948573
29948574
29948575
29948576
29948577
29948578
29948579
29948580
29948581
29948582
29948583
29948584
29948585
29948586
29948587
29948588
29948589
29948590
29948591
29948592
29948593
29948594
29948595
29948596
29948597
29948598
29948599
29948600
29948601
29948602
29948603
29948604
29948605
29948606
29948607
29948608
29948609
29948610
29948611
29948612
29948613
29948614
29948615
29948616
29948617
29948618
29948619
29948620
29948621
29948622
29948623
29948624
29948625
29948626
29948627
29948628
29948629
29948630
29948631
29948632
29948633
29948634
29948635
29948636
29948637
29948638
29948639
29948640
29948641
29948642
29948643
29948644
29948645
29948646
29948647
29948648
29948649
29948650
29948651
29948652
29948653
29948654
29948655
29948656
29948657
29948658
29948659
29948660
29948661
29948662
29948663
29948664
29948665
29948666
29948667
29948668
29948669
29948670
29948671
29948672
29948673
29948674
29948675
29948676
29948677
29948678
29948679
29948680
29948681
29948682
29948683
29948684
29948685
29948686
29948687
29948688
29948689
29948690
29948691
29948692
29948693
29948694
29948695
29948696
29948697
29948698
29948699
29948700
29948701
29948702
29948703
29948704
29948705
29948706
29948707
29948708
29948709
29948710
29948711
29948712
29948713
29948714
29948715
29948716
29948717
29948718
29948719
29948720
29948721
29948722
29948723
29948724
29948725
29948726
29948727
29948728
29948729
29948730
29948731
29948732
29948733
29948734
29948735
29948736
29948737
29948738
29948739
29948740
29948741
29948742
29948743
29948744
29948745
29948746
29948747
29948748
29948749
29948750
29948751
29948752
29948753
29948754
29948755
29948756
29948757
29948758
29948759
29948760
29948761
29948762
29948763
29948764
29948765
29948766
29948767
29948768
29948769
29948770
29948771
29948772
29948773
29948774
29948775
29948776
29948777
29948778
29948779
29948780
29948781
29948782
29948783
29948784
29948785
29948786
29948787
29948788
29948789
29948790
29948791
29948792
29948793
29948794
29948795
29948796
29948797
29948798
29948799
29948800
29948801
29948802
29948803
29948804
29948805
29948806
29948807
29948808
29948809
29948810
29948811
29948812
29948813
29948814
29948815
29948816
29948817
29948818
29948819
29948820
29948821
29948822
29948823
29948824
29948825
29948826
29948827
29948828
29948829
29948830
29948831
29948832
29948833
29948834
29948835
29948836
29948837
29948838
29948839
29948840
29948841
29948842
29948843
29948844
29948845
29948846
29948847
29948848
29948849
29948850
29948851
29948852
29948853
29948854
29948855
29948856
29948857
29948858
29948859
29948860
29948861
29948862
29948863
29948864
29948865
29948866
29948867
29948868
29948869
29948870
29948871
29948872
29948873
29948874
29948875
29948876
29948877
29948878
29948879
29948880
29948881
29948882
29948883
29948884
29948885
29948886
29948887
29948888
29948889
29948890
29948891
29948892
29948893
29948894
29948895
29948896
29948897
29948898
29948899
29948900
29948901
29948902
29948903
29948904
29948905
29948906
29948907
29948908
29948909
29948910
29948911
29948912
29948913
29948914
29948915
29948916
29948917
29948918
29948919
29948920
29948921
29948922
29948923
29948924
29948925
29948926
29948927
29948928
29948929
29948930
29948931
29948932
29948933
29948934
29948935
29948936
29948937
29948938
29948939
29948940
29948941
29948942
29948943
29948944
29948945
29948946
29948947
29948948
29948949
29948950
29948951
29948952
29948953
29948954
29948955
29948956
29948957
29948958
29948959
29948960
29948961
29948962
29948963
29948964
29948965
29948966
29948967
29948968
29948969
29948970
29948971
29948972
29948973
29948974
29948975
29948976
29948977
29948978
29948979
29948980
29948981
29948982
29948983
29948984
29948985
29948986
29948987
29948988
29948989
29948990
29948991
29948992
29948993
29948994
29948995
29948996
29948997
29948998
29948999
29949000
29949001
29949002
29949003
29949004
29949005
29949006
29949007
29949008
29949009
29949010
29949011
29949012
29949013
29949014
29949015
29949016
29949017
29949018
29949019
29949020
29949021
29949022
29949023
29949024
29949025
29949026
29949027
29949028
29949029
29949030
29949031
29949032
29949033
29949034
29949035
29949036
29949037
29949038
29949039
29949040
29949041
29949042
29949043
29949044
29949045
29949046
29949047
29949048
29949049
29949050
29949051
29949052
29949053
29949054
29949055
29949056
29949057
29949058
29949059
29949060
29949061
29949062
29949063
29949064
29949065
29949066
29949067
29949068
29949069
29949070
29949071
29949072
29949073
29949074
29949075
29949076
29949077
29949078
29949079
29949080
29949081
29949082
29949083
29949084
29949085
29949086
29949087
29949088
29949089
29949090
29949091
29949092
29949093
29949094
29949095
29949096
29949097
29949098
29949099
29949100
29949101
29949102
29949103
29949104
29949105
29949106
29949107
29949108
29949109
29949110
29949111
29949112
29949113
29949114
29949115
29949116
29949117
29949118
29949119
29949120
29949121
29949122
29949123
29949124
29949125
29949126
29949127
29949128
29949129
29949130
29949131
29949132
29949133
29949134
29949135
29949136
29949137
29949138
29949139
29949140
29949141
29949142
29949143
29949144
29949145
29949146
29949147
29949148
29949149
29949150
29949151
29949152
29949153
29949154
29949155
29949156
29949157
29949158
29949159
29949160
29949161
29949162
29949163
29949164
29949165
29949166
29949167
29949168
29949169
29949170
29949171
29949172
29949173
29949174
29949175
29949176
29949177
29949178
29949179
29949180
29949181
29949182
29949183
29949184
29949185
29949186
29949187
29949188
29949189
29949190
29949191
29949192
29949193
29949194
29949195
29949196
29949197
29949198
29949199
29949200
29949201
29949202
29949203
29949204
29949205
29949206
29949207
29949208
29949209
29949210
29949211
29949212
29949213
29949214
29949215
29949216
29949217
29949218
29949219
29949220
29949221
29949222
29949223
29949224
29949225
29949226
29949227
29949228
29949229
29949230
29949231
29949232
29949233
29949234
29949235
29949236
29949237
29949238
29949239
29949240
29949241
29949242
29949243
29949244
29949245
29949246
29949247
29949248
29949249
29949250
29949251
29949252
29949253
29949254
29949255
29949256
29949257
29949258
29949259
29949260
29949261
29949262
29949263
29949264
29949265
29949266
29949267
29949268
29949269
29949270
29949271
29949272
29949273
29949274
29949275
29949276
29949277
29949278
29949279
29949280
29949281
29949282
29949283
29949284
29949285
29949286
29949287
29949288
29949289
29949290
29949291
29949292
29949293
29949294
29949295
29949296
29949297
29949298
29949299
29949300
29949301
29949302
29949303
29949304
29949305
29949306
29949307
29949308
29949309
29949310
29949311
29949312
29949313
29949314
29949315
29949316
29949317
29949318
29949319
29949320
29949321
29949322
29949323
29949324
29949325
29949326
29949327
29949328
29949329
29949330
29949331
29949332
29949333
29949334
29949335
29949336
29949337
29949338
29949339
29949340
29949341
29949342
29949343
29949344
29949345
29949346
29949347
29949348
29949349
29949350
29949351
29949352
29949353
29949354
29949355
29949356
29949357
29949358
29949359
29949360
29949361
29949362
29949363
29949364
29949365
29949366
29949367
29949368
29949369
29949370
29949371
29949372
29949373
29949374
29949375
29949376
29949377
29949378
29949379
29949380
29949381
29949382
29949383
29949384
29949385
29949386
29949387
29949388
29949389
29949390
29949391
29949392
29949393
29949394
29949395
29949396
29949397
29949398
29949399
29949400
29949401
29949402
29949403
29949404
29949405
29949406
29949407
29949408
29949409
29949410
29949411
29949412
29949413
29949414
29949415
29949416
29949417
29949418
29949419
29949420
29949421
29949422
29949423
29949424
29949425
29949426
29949427
29949428
29949429
29949430
29949431
29949432
29949433
29949434
29949435
29949436
29949437
29949438
29949439
29949440
29949441
29949442
29949443
29949444
29949445
29949446
29949447
29949448
29949449
29949450
29949451
29949452
29949453
29949454
29949455
29949456
29949457
29949458
29949459
29949460
29949461
29949462
29949463
29949464
29949465
29949466
29949467
29949468
29949469
29949470
29949471
29949472
29949473
29949474
29949475
29949476
29949477
29949478
29949479
29949480
29949481
29949482
29949483
29949484
29949485
29949486
29949487
29949488
29949489
29949490
29949491
29949492
29949493
29949494
29949495
29949496
29949497
29949498
29949499
29949500
29949501
29949502
29949503
29949504
29949505
29949506
29949507
29949508
29949509
29949510
29949511
29949512
29949513
29949514
29949515
29949516
29949517
29949518
29949519
29949520
29949521
29949522
29949523
29949524
29949525
29949526
29949527
29949528
29949529
29949530
29949531
29949532
29949533
29949534
29949535
29949536
29949537
29949538
29949539
29949540
29949541
29949542
29949543
29949544
29949545
29949546
29949547
29949548
29949549
29949550
29949551
29949552
29949553
29949554
29949555
29949556
29949557
29949558
29949559
29949560
29949561
29949562
29949563
29949564
29949565
29949566
29949567
29949568
29949569
29949570
29949571
29949572
