32666607
32666606
32666605
32666604
32666603
32666602
32666601
32666600
32666599
32666598
32666597
32666596
32666595
32666594
32666593
32666592
32666591
32666590
32666589
32666588
32666587
32666586
32666585
32666584
32666583
32666582
32666581
32666580
32666579
32666578
32666577
32666576
32666575
32666574
32666573
32666572
32666571
32666570
32666569
32666568
32666567
32666566
32666565
32666564
32666563
32666562
32666561
32666560
32666559
32666558
32666557
32666556
32666555
32666554
32666553
32666552
32666551
32666550
32666549
32666548
32666547
32666546
32666545
32666544
32666543
32666542
32666541
32666540
32666539
32666538
32666537
32666536
32666535
32666534
32666533
32666532
32666531
32666530
32666529
32666528
32666527
32666526
32666525
32666524
32666523
32666522
32666521
32666520
32666519
32666518
32666517
32666516
32666515
32666514
32666513
32666512
32666511
32666510
32666509
32666508
32666507
32666506
32666505
32666504
32666503
32666502
32666501
32666500
32666499
32665067
32665066
32665065
32665064
32665063
32665062
32665061
32665060
32665059
32665058
32665057
32665056
32665055
32665054
32665053
32665052
32665051
32665050
32665049
32665048
32665047
32665046
32665045
32665044
32665043
32665042
32665041
32665040
32665039
32665038
32665037
32665036
32665035
32665034
32665033
32665032
32665031
32665030
32665029
32665028
32665027
32665026
32665025
32665024
32665023
32665022
32665021
32665020
32665019
32665018
32665017
32665016
32665015
32665014
32665013
32665012
32665011
32665010
32665009
32665008
32665007
32665006
32665005
32665004
32665003
32665002
32665001
32665000
32664999
32664998
32664997
32664996
32664995
32664994
32664993
32664992
32664991
32664990
32664989
32664988
32664987
32664986
32664985
32664984
32664983
32664982
32664981
32664980
32664979
32664978
32664977
32664976
32664975
32664974
32664973
32664972
32664971
32664970
32664969
32664968
32664967
32664966
32664965
32664964
32664963
32664962
32664961
32664960
32664959
32664958
32664957
32664956
32664955
32664954
32664953
32664952
32664951
32664950
32664949
32664948
32664947
32664946
32664945
32664944
32664943
32664942
32664941
32664940
32664939
32664938
32664937
32664936
32664935
32664934
32664933
32664932
32664931
32664930
32664929
32664928
32664927
32664926
32664925
32664924
32664923
32664922
32664921
32664920
32664919
32664918
32664917
32664916
32664915
32664914
32664913
32664912
32664911
32664910
32664909
32664908
32664907
32664906
32664905
32664904
32664903
32664902
32664901
32664900
32664899
32664898
32664897
32664896
32664895
32664894
32664893
32664892
32664891
32664890
32664889
32664888
32664887
32664886
32664885
32664884
32664883
32664882
32664881
32664880
32664879
32664878
32664877
32664876
32664875
32664874
32664873
32664872
32664871
32664870
32664869
32664868
32664867
32664866
32664865
32664864
32664863
32664862
32664861
32664860
32664859
32664858
32664857
32664856
32664855
32664854
32664853
32664852
32664851
32664850
32664849
32664848
32664847
32664846
32664845
32664844
32664843
32664842
32664841
32664840
32664839
32664838
32664837
32664836
32664835
32664834
32664833
32664832
32664831
32664830
32664829
32664828
32664827
32664826
32664825
32664824
32664823
32664822
32664821
32664820
32664819
32664818
32664817
32664816
32664815
32664814
32664813
32664812
32664811
32664810
32664809
32664808
32664807
32664806
32664805
32664804
32664803
32664802
32664801
32664800
32664799
32664798
32662248
32662247
32662246
32662245
32662244
32662243
32662242
32662241
32662240
32662239
32662238
32662237
32662236
32662235
32662234
32662233
32662232
32662231
32662230
32662229
32662228
32662227
32662226
32662225
32662224
32662223
32662222
32662221
32662220
32662219
32662218
32662217
32662216
32662215
32662214
32662213
32662212
32662211
32662210
32662209
32662208
32662207
32662206
32662205
32662204
32662203
32662202
32662201
32662200
32662199
32662198
32662197
32662196
32662195
32662194
32662193
32662192
32662191
32662190
32662189
32662188
32662187
32662186
32662185
32662184
32662183
32662182
32662181
32662180
32662179
32662178
32662177
32662176
32662175
32662174
32662173
32662172
32662171
32662170
32662169
32662168
32662167
32662166
32662165
32662164
32662163
32662162
32662161
32662160
32662159
32662158
32662157
32662156
32662155
32662154
32662153
32662152
32662151
32662150
32662149
32662148
32662147
32662146
32662145
32662144
32662143
32662142
32662141
32662140
32662139
32662138
32662137
32662136
32662135
32662134
32662133
32662132
32662131
32662130
32662129
32662128
32662127
32662126
32662125
32662124
32662123
32662122
32662121
32662120
32662119
32662118
32662117
32662116
32662115
32662114
32662113
32662112
32662111
32662110
32662109
32662108
32662107
32662106
32662105
32662104
32662103
32662102
32662101
32662100
32662099
32662098
32662097
32662096
32662095
32662094
32662093
32662092
32662091
32662090
32662089
32662088
32662087
32662086
32662085
32662084
32662083
32662082
32662081
32662080
32662079
32662078
32662077
32662076
32662075
32662074
32662073
32662072
32662071
32662070
32662069
32662068
32662067
32662066
32662065
32662064
32662063
32662062
32662061
32662060
32662059
32662058
32662057
32662056
32662055
32662054
32662053
32662052
32662051
32662050
32662049
32662048
32662047
32662046
32662045
32662044
32662043
32662042
32662041
32662040
32662039
32662038
32662037
32662036
32662035
32662034
32662033
32662032
32662031
32662030
32662029
32662028
32662027
32662026
32662025
32662024
32662023
32662022
32662021
32662020
32662019
32662018
32662017
32662016
32662015
32662014
32662013
32662012
32662011
32662010
32662009
32662008
32662007
32662006
32662005
32662004
32662003
32662002
32662001
32662000
32661999
32661998
32661997
32661996
32661995
32661994
32661993
32661992
32661991
32661990
32661989
32661988
32661987
32661986
32661985
32661984
32661983
32661982
32661981
32661980
32661979
32661978
32661977
32661976
32661975
32661974
32661973
32661972
32661971
32661970
32661969
32661968
32661967
32661457
32661456
32661455
32661454
32661453
32661452
32661451
32661450
32661449
32661448
32661447
32661446
32661445
32661444
32661443
32661442
32661441
32661440
32661439
32661438
32661437
32661436
32661435
32661434
32661433
32661432
32661431
32661430
32661429
32661428
32661427
32661426
32661425
32661424
32661423
32661422
32661421
32661420
32661419
32661418
32661417
32661416
32661415
32661414
32661413
32661412
32661411
32661410
32661409
32661408
32661407
32661406
32661405
32661404
32661403
32661402
32661401
32661400
32661399
32661398
32661397
32661396
32661395
32661394
32661393
32661392
32661391
32661390
32661389
32661388
32661387
32661386
32661385
32661384
32661383
32661382
32661381
32661380
32661379
32661378
32661377
32661376
32661375
32661374
32661373
32661372
32661371
32661370
32661369
32661368
32661367
32661366
32661365
32661364
32661363
32661362
32661361
32661360
32661359
32661358
32661357
32661356
32661355
32661354
32661353
32661352
32661351
32661350
32661349
32661348
32661347
32660882
32660881
32660880
32660879
32660878
32660877
32660876
32660875
32660874
32660873
32660872
32660871
32660870
32660869
32660868
32660867
32660866
32660865
32660864
32660863
32660862
32660861
32660860
32660859
32660249
32660248
32660247
32660246
32660245
32660244
32660243
32660242
32660241
32660240
32660239
32660238
32660237
32660236
