32741391
32741392
32741393
32741394
32741395
32741396
32741397
32741398
32741399
32741400
32741401
32741402
32741403
32741404
32741405
32741406
32741407
32741408
32741409
32741410
32741411
32741412
32741413
32741414
32741415
32741416
32741417
32741418
32741419
32741420
32741421
32741422
32741423
32741424
32741425
32741426
32741427
32741428
32741429
32741430
32741431
32741432
32741433
32741434
32741435
32741436
32741437
32741438
32741439
32741440
32741441
32741442
32741443
32741444
32741445
32741446
32741447
32741448
32741449
32741450
32741451
32741452
32741453
32741454
32741455
32741456
32741457
32741458
32741459
32741460
32741461
32741462
32741463
32741464
32741465
32741466
32741467
32741468
32741469
32741470
32741471
32741472
32741473
32741474
32741475
32741476
32741477
32741478
32741479
32741480
32741481
32741482
32741483
32741484
32741485
32741486
32741487
32741488
32741489
32741490
32741491
32741492
32741493
32741494
32741495
32741496
32741497
32741498
32741499
32741500
32741501
32741502
32741503
32741504
32741505
32741506
32741507
32741508
32741509
32741510
32741511
32741512
32741513
32741514
32741515
32741516
32741517
32741518
32741519
32741520
32741521
32741522
32741523
32741524
32741525
32741526
32741527
32741528
32741529
32741530
32741531
32741532
32741533
32741534
32741535
32741536
32741537
32741538
32741539
32741540
32741541
32741542
32741543
32741544
32741545
32741546
32741547
32741548
32741549
32741550
32741551
32741552
32741553
32741554
32741555
32741556
32741557
32741558
32741559
32741560
32741561
32741562
32741563
32741564
32741565
32741566
32741567
32741568
32741569
32741570
32741571
32741572
32741573
32741574
32741575
32741576
32741577
32741578
32741579
32741580
32741581
32741582
32741583
32741584
32741585
32741586
32741587
32741588
32741589
32741590
32741591
32741592
32741593
32741594
32741595
32741596
32741597
32741598
32741599
32741600
32741601
32741602
32741603
32741604
32741605
32741606
32741607
32741608
32741609
32741610
32741611
32741612
32741613
32741614
32741615
32741616
32741617
32741618
32741619
32741620
32741621
32741622
32741623
32741624
32741625
32741626
32741627
32741628
32741629
32741630
32741631
32741632
32741633
32741634
32741635
32741636
32741637
32741638
32741639
32741640
32741641
32741642
32741643
32741644
32741645
32741646
32741647
32741648
32741649
32741650
32741651
32741652
32741653
32741654
32741655
32741656
32741657
32741658
32741659
32741660
32741661
32741662
32741663
32741664
32741665
32741666
32741667
32741668
32741669
32741670
32741671
32741672
32741673
32741674
32741675
32741676
32741677
32741678
32741679
32741680
32741681
32741682
32741683
32741684
32741685
32741686
32741687
32741688
32741689
32741690
32741691
32741692
32741693
32741694
32741695
32741696
32741697
32741698
32741699
32741700
32741701
32741702
32741703
32741704
32741705
32741706
32741707
32741708
32741709
32741710
32741711
32741712
32741713
32741714
32741715
32741716
32741717
32741718
32741719
32741720
32741721
32741722
32741723
32741724
32741725
32741726
32741727
32741728
32741729
32741730
32741731
32741732
32741733
32741734
32741735
32741736
32741737
32741738
32741739
32741740
32741741
32741742
32741743
32741744
32741745
32741746
32741747
32741748
32741749
32741750
32741751
32741752
32741753
32741754
32741755
32741756
32741757
32741758
32741759
32741760
32741761
32741762
32741763
32741764
32741765
32741766
32741767
32741768
32741769
32741770
32741771
32741772
32741773
32741774
32741775
32741776
32741777
32741778
32741779
32741780
32741781
32741782
32741783
32741784
32741785
32741786
32741787
32741788
32741789
32741790
32741791
32741792
32741793
32741794
32741795
32741796
32741797
32741798
32741799
32741800
32741801
32741802
32741803
32741804
32741805
32741806
32741807
32741808
32741809
32741810
32741811
32741812
32741813
32741814
32741815
32741816
32741817
32741818
32741819
32741820
32741821
32741822
32741823
32741824
32741825
32741826
32741827
32741828
32741829
32741830
32741831
32741832
32741833
32741834
32741835
32741836
32741837
32741838
32741839
32741840
32741841
32741842
32741843
32741844
32741845
32741846
32741847
32741848
32741849
32741850
32741851
32741852
32741853
32741854
32741855
32741856
32741857
32741858
32741859
32741860
32741861
32741862
32741863
32741864
32741865
32741866
32741867
32741868
32741869
32741870
32741871
32741872
32741873
32741874
32741875
32741876
32741877
32741878
32741879
32741880
32741881
32741882
32741883
32741884
32741885
32741886
32741887
32741888
32741889
32741890
32741891
32741892
32741893
32741894
32741895
32741896
32741897
32741898
32741899
32741900
32741901
32741902
32741903
32741904
32741905
32741906
32741907
32741908
32741909
32741910
32741911
32741912
32741913
32741914
32741915
32741916
32741917
32741918
32741919
32741920
32741921
32741922
32741923
32741924
32741925
32741926
32741927
32741928
32741929
32741930
32741931
32741932
32741933
32741934
32741935
32741936
32741937
32741938
32741939
32741940
32741941
32741942
32741943
32741944
32741945
32741946
32741947
32741948
32741949
32741950
32741951
32741952
32741953
32741954
32741955
32741956
32741957
32741958
32741959
32741960
32741961
32741962
32741963
32741964
32741965
32741966
32741967
32741968
32741969
32741970
32741971
32741972
32741973
32741974
32741975
32741976
32741977
32741978
32741979
32741980
32741981
32741982
32741983
32741984
32741985
32741986
32741987
32741988
32741989
32741990
32741991
32741992
32741993
32741994
32741995
32741996
32741997
32741998
32741999
32742000
32742001
32742002
32742003
32742004
32742005
32742006
32742007
32742008
32742009
32742010
32742011
32742012
32742013
32742014
32742015
32742016
32742017
32742018
32742019
32742020
32742021
32742022
32742023
32742024
32742025
32742026
32742027
32742028
32742029
32742030
32742031
32742032
32742033
32742034
32742035
32742036
32742037
32742038
32742039
32742040
32742041
32742042
32742043
32742044
32742045
32742046
32742047
32742048
32742049
32742050
32742051
32742052
32742053
32742054
32742055
32742056
32742057
32742058
32742059
32742060
32742061
32742062
32742063
32742064
32742065
32742066
32742067
32742068
32742069
32742070
32742071
32742072
32742073
32742074
32742075
32742076
32742077
32742078
32742079
32742080
32742081
32742082
32742083
32742084
32742085
32742086
32742087
32742088
32742089
32742090
32742091
32742092
32742093
32742094
32742095
32742096
32742097
32742098
32742099
32742100
32742101
32742102
32742103
32742104
32742105
32742106
32742107
32742108
32742109
32742110
32742111
32742112
32742113
32742114
32742115
32742116
32742117
32742118
32742119
32742120
32742121
32742122
32742123
32742124
32742125
32742126
32742127
32742128
32742129
32742130
32742131
32742132
32742133
32742134
32742135
32742136
32742137
32742138
32742139
32742140
32742141
32742142
32742143
32742144
32742145
32742146
32742147
32742148
32742149
32742150
32742151
32742152
32742153
32742154
32742155
32742156
32742157
32742158
32742159
32742160
32742161
32742162
32742163
32742164
32742165
32742166
32742167
32742168
32742169
32742170
32742171
32742172
32742173
32742174
32742175
32742176
32742177
32742178
32742179
32742180
32742181
32742182
32742183
32742184
32742185
32742186
32742187
32742188
32742189
32742190
32742191
32742192
32742193
32742194
32742195
32742196
32742197
32742198
32742199
32742200
32742201
32742202
32742203
32742204
32742205
32742206
32742207
32742208
32742209
32742210
32742211
32742212
32742213
32742214
32742215
32742216
32742217
32742218
32742219
32742220
32742221
32742222
32742223
32742224
32742225
32742226
32742227
32742228
32742229
32742230
32742231
32742232
32742233
32742234
32742235
32742236
32742237
32742238
32742239
32742240
32742241
32742242
32742243
32742244
32742245
32742246
32742247
32742248
32742249
32742250
32742251
32742252
32742253
32742254
32742255
32742256
32742257
32742258
32742259
32742260
32742261
32742262
32742263
32742264
32742265
32742266
32742267
32742268
32742269
32742270
32742271
32742272
32742273
32742274
32742275
32742276
32742277
32742278
32742279
32742280
32742281
32742282
32742283
32742284
32742285
32742286
32742287
32742288
32742289
32742290
32742291
32742292
32742293
32742294
32742295
32742296
32742297
32742298
32742299
32742300
32742301
32742302
32742303
32742304
32742305
32742306
32742307
32742308
32742309
32742310
32742311
32742312
32742313
32742314
32742315
32742316
32742317
32742318
32742319
32742320
32742321
32742322
32742323
32742324
32742325
32742326
32742327
32742328
32742329
32742330
32742331
32742332
32742333
32742334
32742335
32742336
32742337
32742338
32742339
32742340
32742341
32742342
32742343
32742344
32742345
32742346
32742347
32742348
32742349
32742350
32742351
32742352
32742353
32742354
32742355
32742356
32742357
32742358
32742359
32742360
32742361
32742362
32742363
32742364
32742365
32742366
32742367
32742368
32742369
32742370
32742371
32742372
32742373
32742374
32742375
32742376
32742377
32742378
32742379
32742380
32742381
32742382
32742383
32742384
32742385
32742386
32742387
32742388
32742389
32742390
32742391
32742392
32742393
32742394
32742395
32742396
32742397
32742398
32742399
32742400
32742401
32742402
32742403
32742404
32742405
32742406
32742407
32742408
32742409
32742410
32742411
32742412
32742413
32742414
32742415
32742416
32742417
32742418
32742419
32742420
32742421
32742422
32742423
32742424
32742425
32742426
32742427
32742428
32742429
32742430
32742431
32742432
32742433
32742434
32742435
32742436
32742437
32742438
32742439
32742440
32742441
32742442
32742443
32742444
32742445
32742446
32742447
32742448
32742449
32742450
32742451
32742452
32742453
32742454
32742455
32742456
32742457
32742458
32742459
32742460
32742461
32742462
32742463
32742464
32742465
32742466
32742467
32742468
32742469
32742470
32742471
32742472
32742473
32742474
32742475
32742476
32742477
32742478
32742479
32742480
32742481
32742482
32742483
32742484
32742485
32742486
32742487
32742488
32742489
32742490
32742491
32742492
32742493
32742494
32742495
32742496
32742497
32742498
32742499
32742500
32742501
32742502
32742503
32742504
32742505
32742506
32742507
32742508
32742509
32742510
32742511
32742512
32742513
32742514
32742515
32742516
32742517
32742518
32742519
32742520
32742521
32742522
32742523
32742524
32742525
32742526
32742527
32742528
32742529
32742530
32742531
32742532
32742533
32742534
32742535
32742536
32742537
32742538
32742539
32742540
32742541
32742542
32742543
32742544
32742545
32742546
32742547
32742548
32742549
32742550
32742551
32742552
32742553
32742554
32742555
32742556
32742557
32742558
32742559
32742560
32742561
32742562
32742563
32742564
32742565
32742566
32742567
32742568
32742569
32742570
32742571
32742572
32742573
32742574
32742575
32742576
32742577
32742578
32742579
32742580
32742581
32742582
32742583
32742584
32742585
32742586
32742587
32742588
32742589
32742590
32742591
32742592
32742593
32742594
32742595
32742596
32742597
32742598
32742599
32742600
32742601
32742602
32742603
32742604
32742605
32742606
32742607
32742608
32742609
32742610
32742611
32742612
32742613
32742614
32742615
32742616
32742617
32742618
32742619
32742620
32742621
32742622
32742623
32742624
32742625
32742626
32742627
32742628
32742629
32742630
32742631
32742632
32742633
32742634
32742635
32742636
32742637
32742638
32742639
32742640
32742641
32742642
32742643
32742644
32742645
32742646
32742647
32742648
32742649
32742650
32742651
32742652
32742653
32742654
32742655
32742656
32742657
32742658
32742659
32742660
32742661
32742662
32742663
32742664
32742665
32742666
32742667
32742668
32742669
32742670
32742671
32742672
32742673
32742674
32742675
32742676
32742677
32742678
32742679
32742680
32742681
32742682
32742683
32742684
32742685
32742686
32742687
32742688
32742689
32742690
32742691
32742692
32742693
32742694
32742695
32742696
32742697
32742698
32742699
32742700
32742701
32742702
32742703
32742704
32742705
32742706
32742707
32742708
32742709
32742710
32742711
32742712
32742713
32742714
32742715
32742716
32742717
32742718
32742719
32742720
32742721
32742722
32742723
32742724
32742725
32742726
32742727
32742728
32742729
32742730
32742731
32742732
32742733
32742734
32742735
32742736
32742737
32742738
32742739
32742740
32742741
32742742
32742743
32742744
32742745
32742746
32742747
32742748
32742749
32742750
32742751
32742752
32742753
32742754
32742755
32742756
32742757
32742758
32742759
32742760
32742761
32742762
32742763
32742764
32742765
32742766
32742767
32742768
32742769
32742770
32742771
32742772
32742773
32742774
32742775
32742776
32742777
32742778
32742779
32742780
32742781
32742782
32742783
32742784
32742785
32742786
32742787
32742788
32742789
32742790
32742791
32742792
32742793
32742794
32742795
32742796
32742797
32742798
32742799
32742800
32742801
32742802
32742803
32742804
32742805
32742806
32742807
32742808
32742809
32742810
32742811
32742812
32742813
32742814
32742815
32742816
32742817
32742818
32742819
32742820
32742821
32742822
32742823
32742824
32742825
32742826
32742827
32742828
32742829
32742830
32742831
32742832
32742833
32742834
32742835
32742836
32742837
32742838
32742839
32742840
32742841
32742842
32742843
32742844
32742845
32742846
32742847
32742848
32742849
32742850
32742851
32742852
32742853
32742854
32742855
32742856
32742857
32742858
32742859
32742860
32742861
32742862
32742863
32742864
32742865
32742866
32742867
32742868
32742869
32742870
32742871
32742872
32742873
32742874
32742875
32742876
32742877
32742878
32742879
32742880
32742881
32742882
32742883
32742884
32742885
32742886
32742887
32742888
32742889
32742890
32742891
32742892
32742893
32742894
32742895
32742896
32742897
32742898
32742899
32742900
32742901
32742902
32742903
32742904
32742905
32742906
32742907
32742908
32742909
32742910
32742911
32742912
32742913
32742914
32742915
32742916
32742917
32742918
32742919
32742920
32742921
32742922
32742923
32742924
32742925
32742926
32742927
32742928
32742929
32742930
32742931
32742932
32742933
32742934
32742935
32742936
32742937
32742938
32742939
32742940
32742941
32742942
32742943
32742944
32742945
32742946
32742947
32742948
32742949
32742950
32742951
32742952
32742953
32742954
32742955
32742956
32742957
32742958
32742959
32742960
32742961
32742962
32742963
32742964
32742965
32742966
32742967
32742968
32742969
32742970
32742971
32742972
32742973
32742974
32742975
32742976
32742977
32742978
32742979
32742980
32742981
32742982
32742983
32742984
32742985
32742986
32742987
32742988
32742989
32742990
32742991
32742992
32742993
32742994
32742995
32742996
32742997
32742998
32742999
32743000
32743001
32743002
32743003
32743004
32743005
32743006
32743007
32743008
32743009
32743010
32743011
32743012
32743013
32743014
32743015
32743016
32743017
32743018
32743019
32743020
32743021
32743022
32743023
32743024
32743025
32743026
32743027
32743028
32743029
32743030
32743031
32743032
32743033
32743034
32743035
32743036
32743037
32743038
32743039
32743040
32743041
32743042
32743043
32743044
32743045
32743046
32743047
32743048
32743049
32743050
32743051
32743052
32743053
32743054
32743055
32743056
32743057
32743058
32743059
32743060
32743061
32743062
32743063
32743064
32743065
32743066
32743067
32743068
32743069
32743070
32743071
32743072
32743073
32743074
32743075
32743076
32743077
32743078
32743079
32743080
32743081
32743082
32743083
32743084
32743085
32743086
32743087
32743088
32743089
32743090
32743091
32743092
32743093
32743094
32743095
32743096
32743097
32743098
32743099
32743100
32743101
32743102
32743103
32743104
32743105
32743106
32743107
32743108
32743109
32743110
32743111
32743112
32743113
32743114
32743115
32743116
32743117
32743118
32743119
32743120
32743121
32743122
32743123
32743124
32743125
32743126
32743127
32743128
32743129
32743130
32743131
32743132
32743133
32743134
32743135
32743136
32743137
32743138
32743139
32743140
32743141
32743142
32743143
32743144
32743145
32743146
32743147
32743148
32743149
32743150
32743151
32743152
32743153
32743154
32743155
32743156
32743157
32743158
32743159
32743160
32743161
32743162
32743163
32743164
32743165
32743166
32743167
32743168
32743169
32743170
32743171
32743172
32743173
32743174
32743175
32743176
32743177
32743178
32743179
32743180
32743181
32743182
32743183
32743184
32743185
32743186
32743187
32743188
32743189
32743190
32743191
32743192
32743193
32743194
32743195
32743196
32743197
32743198
32743199
32743200
32743201
32743202
32743203
32743204
32743205
32743206
32743207
32743208
32743209
32743210
32743211
32743212
32743213
32743214
32743215
32743216
32743217
32743218
32743219
32743220
32743221
32743222
32743223
32743224
32743225
32743226
32743227
32743228
32743229
32743230
32743231
32743232
32743233
32743234
32743235
32743236
32743237
32743238
32743239
32743240
32743241
32743242
32743243
32743244
32743245
32743246
32743247
32743248
32743249
32743250
32743251
32743252
32743253
32743254
32743255
32743256
32743257
32743258
32743259
32743260
32743261
32743262
32743263
32743264
32743265
32743266
32743267
32743268
32743269
32743270
32743271
32743272
32743273
32743274
32743275
32743276
32743277
32743278
32743279
32743280
32743281
32743282
32743283
32743284
32743285
32743286
32743287
32743288
32743289
32743290
32743291
32743292
32743293
32743294
32743295
32743296
32743297
32743298
32743299
32743300
32743301
32743302
32743303
32743304
32743305
32743306
32743307
32743308
32743309
32743310
32743311
32743312
32743313
32743314
32743315
32743316
32743317
32743318
32743319
32743320
32743321
32743322
32743323
32743324
32743325
32743326
32743327
32743328
32743329
32743330
32743331
32743332
32743333
32743334
32743335
32743336
32743337
32743338
32743339
32743340
32743341
32743342
32743343
32743344
32743345
32743346
32743347
32743348
32743349
32743350
32743351
32743352
32743353
32743354
32743355
32743356
32743357
32743358
32743359
32743360
32743361
32743362
32743363
32743364
32743365
32743366
32743367
32743368
32743369
32743370
32743371
32743372
32743373
32743374
32743375
32743376
32743377
32743378
32743379
32743380
32743381
32743382
32743383
32743384
32743385
32743386
32743387
32743388
32743389
32743390
32743391
32743392
32743393
32743394
32743395
32743396
32743397
32743398
32743399
32743400
32743401
32743402
32743403
32743404
32743405
32743406
32743407
32743408
32743409
32743410
32743411
32743412
32743413
32743414
32743415
32743416
32743417
32743418
32743419
32743420
32743421
32743422
32743423
32743424
32743425
32743426
32743427
32743428
32743429
32743430
32743431
32743432
32743433
32743434
32743435
32743436
32743437
32743438
32743439
32743440
32743441
32743442
32743443
32743444
32743445
32743446
32743447
32743448
32743449
32743450
32743451
32743452
32743453
32743454
32743455
32743456
32743457
32743458
32743459
32743460
32743461
32743462
32743463
32743464
32743465
32743466
32743467
32743468
32743469
32743470
32743471
32743472
32743473
32743474
32743475
32743476
32743477
32743478
32743479
32743480
32743481
32743482
32743483
32743484
32743485
32743486
32743487
32743488
32743489
32743490
32743491
32743492
32743493
32743494
32743495
32743496
32743497
32743498
32743499
32743500
32743501
32743502
32743503
32743504
32743505
32743506
32743507
32743508
32743509
32743510
32743511
32743512
32743513
32743514
32743515
32743516
32743517
32743518
32743519
32743520
32743521
32743522
32743523
32743524
32743525
32743526
32743527
32743528
32743529
32743530
32743531
32743532
32743533
32743534
32743535
32743536
32743537
32743538
32743539
32743540
32743541
32743542
32743543
32743544
32743545
32743546
32743547
32743548
32743549
32743550
32743551
32743552
32743553
32743554
32743555
32743556
32743557
32743558
32743559
32743560
32743561
32743562
32743563
32743564
32743565
32743566
32743567
32743568
32743569
32743570
32743571
32743572
32743573
32743574
32743575
32743576
32743577
32743578
32743579
32743580
32743581
32743582
32743583
32743584
32743585
32743586
32743587
32743588
32743589
32743590
32743591
32743592
32743593
32743594
32743595
32743596
32743597
32743598
32743599
32743600
32743601
32743602
32743603
32743604
32743605
32743606
32743607
32743608
32743609
32743610
32743611
32743612
32743613
32743614
32743615
32743616
32743617
32743618
32743619
32743620
32743621
32743622
32743623
32743624
32743625
32743626
32743627
32743628
32743629
32743630
32743631
32743632
32743633
32743634
32743635
32743636
32743637
32743638
32743639
32743640
32743641
32743642
32743643
32743644
32743645
32743646
32743647
32743648
32743649
32743650
32743651
32743652
32743653
32743654
32743655
32743656
32743657
32743658
32743659
32743660
32743661
32743662
32743663
32743664
32743665
32743666
32743667
32743668
32743669
32743670
32743671
32743672
32743673
32743674
32743675
32743676
32743677
32743678
32743679
32743680
32743681
32743682
32743683
32743684
32743685
32743686
32743687
32743688
32743689
32743690
32743691
32743692
32743693
32743694
32743695
32743696
32743697
32743698
32743699
32743700
32743701
32743702
32743703
32743704
32743705
32743706
32743707
32743708
32743709
32743710
32743711
32743712
32743713
32743714
32743715
32743716
32743717
32743718
32743719
32743720
32743721
32743722
32743723
32743724
32743725
32743726
32743727
32743728
32743729
32743730
32743731
32743732
32743733
32743734
32743735
32743736
32743737
32743738
32743739
32743740
32743741
32743742
32743743
32743744
32743745
32743746
32743747
32743748
32743749
32743750
32743751
32743752
32743753
32743754
32743755
32743756
32743757
32743758
32743759
32743760
32743761
32743762
32743763
32743764
32743765
32743766
32743767
32743768
32743769
32743770
32743771
32743772
32743773
32743774
32743775
32743776
32743777
32743778
32743779
32743780
32743781
32743782
32743783
32743784
32743785
32743786
32743787
32743788
32743789
32743790
32743791
32743792
32743793
32743794
32743795
32743796
32743797
32743798
32743799
32743800
32743801
32743802
32743803
32743804
32743805
32743806
32743807
32743808
32743809
32743810
32743811
32743812
32743813
32743814
32743815
32743816
32743817
32743818
32743819
32743820
32743821
32743822
32743823
32743824
32743825
32743826
32743827
32743828
32743829
32743830
32743831
32743832
32743833
32743834
32743835
32743836
32743837
32743838
32743839
32743840
32743841
32743842
32743843
32743844
32743845
32743846
32743847
32743848
32743849
32743850
32743851
32743852
32743853
32743854
32743855
32743856
32743857
32743858
32743859
32743860
32743861
32743862
32743863
32743864
32743865
32743866
32743867
32743868
32743869
32743870
32743871
32743872
32743873
32743874
32743875
32743876
32743877
32743878
32743879
32743880
32743881
32743882
32743883
32743884
32743885
32743886
32743887
32743888
32743889
32743890
32743891
32743892
32743893
32743894
32743895
32743896
32743897
32743898
32743899
32743900
32743901
32743902
32743903
32743904
32743905
32743906
32743907
32743908
32743909
32743910
32743911
32743912
32743913
32743914
32743915
32743916
32743917
32743918
32743919
32743920
32743921
32743922
32743923
32743924
32743925
32743926
32743927
32743928
32743929
32743930
32743931
32743932
32743933
32743934
32743935
32743936
32743937
32743938
32743939
32743940
32743941
32743942
32743943
32743944
32743945
32743946
32743947
32743948
32743949
32743950
32743951
32743952
32743953
32743954
32743955
32743956
32743957
32743958
32743959
32743960
32743961
32743962
32743963
32743964
32743965
32743966
32743967
32743968
32743969
32743970
32743971
32743972
32743973
32743974
32743975
32743976
32743977
32743978
32743979
32743980
32743981
32743982
32743983
32743984
32743985
32743986
32743987
32743988
32743989
32743990
32743991
32743992
32743993
32743994
32743995
32743996
32743997
32743998
32743999
32744000
32744001
32744002
32744003
32744004
32744005
32744006
32744007
32744008
32744009
32744010
32744011
32744012
32744013
32744014
32744015
32744016
32744017
32744018
32744019
32744020
32744021
32744022
32744023
32744024
32744025
32744026
32744027
32744028
32744029
32744030
32744031
32744032
32744033
32744034
32744035
32744036
32744037
32744038
32744039
32744040
32744041
32744042
32744043
32744044
32744045
32744046
32744047
32744048
32744049
32744050
32744051
32744052
32744053
32744054
32744055
32744056
32744057
32744058
32744059
32744060
32744061
32744062
32744063
32744064
32744065
32744066
32744067
32744068
32744069
32744070
32744071
32744072
32744073
32744074
32744075
32744076
32744077
32744078
32744079
32744080
32744081
32744082
32744083
32744084
32744085
32744086
32744087
32744088
32744089
32744090
32744091
32744092
32744093
32744094
32744095
32744096
32744097
32744098
32744099
32744100
32744101
32744102
32744103
32744104
32744105
32744106
32744107
32744108
32744109
32744110
32744111
32744112
32744113
32744114
32744115
32744116
32744117
32744118
32744119
32744120
32744121
32744122
32744123
32744124
32744125
32744126
32744127
32744128
32744129
32744130
32744131
32744132
32744133
32744134
32744135
32744136
32744137
32744138
32744139
32744140
32744141
32744142
32744143
32744144
32744145
32744146
32744147
32744148
32744149
32744150
32744151
32744152
32744153
32744154
32744155
32744156
32744157
32744158
32744159
32744160
32744161
32744162
32744163
32744164
32744165
32744166
32744167
32744168
32744169
32744170
32744171
32744172
32744173
32744174
32744175
32744176
32744177
32744178
32744179
32744180
32744181
32744182
32744183
32744184
32744185
32744186
32744187
32744188
32744189
32744190
32744191
32744192
32744193
32744194
32744195
32744196
32744197
32744198
32744199
32744200
32744201
32744202
32744203
32744204
32744205
32744206
32744207
32744208
32744209
32744210
32744211
32744212
32744213
32744214
32744215
32744216
32744217
32744218
32744219
32744220
32744221
32744222
32744223
32744224
32744225
32744226
32744227
32744228
32744229
32744230
32744231
32744232
32744233
32744234
32744235
32744236
32744237
32744238
32744239
32744240
32744241
32744242
32744243
32744244
32744245
32744246
32744247
32744248
32744249
32744250
32744251
32744252
32744253
32744254
32744255
32744256
32744257
32744258
32744259
32744260
32744261
32744262
32744263
32744264
32744265
32744266
32744267
32744268
32744269
32744270
32744271
32744272
32744273
32744274
32744275
32744276
32744277
32744278
32744279
32744280
32744281
32744282
32744283
32744284
32744285
32744286
32744287
32744288
32744289
32744290
32744291
32744292
32744293
32744294
32744295
32744296
32744297
32744298
32744299
32744300
32744301
32744302
32744303
32744304
32744305
32744306
32744307
32744308
32744309
32744310
32744311
32744312
32744313
32744314
32744315
32744316
32744317
32744318
32744319
32744320
32744321
32744322
32744323
32744324
32744325
32744326
32744327
32744328
32744329
32744330
32744331
32744332
32744333
32744334
32744335
32744336
32744337
32744338
32744339
32744340
32744341
32744342
32744343
32744344
32744345
32744346
32744347
32744348
32744349
32744350
32744351
32744352
32744353
32744354
32744355
32744356
32744357
32744358
32744359
32744360
32744361
32744362
32744363
32744364
32744365
32744366
32744367
32744368
32744369
32744370
32744371
32744372
32744373
32744374
32744375
32744376
32744377
32744378
32744379
32744380
32744381
32744382
32744383
32744384
32744385
32744386
32744387
32744388
32744389
32744390
32744391
32744392
32744393
32744394
32744395
32744396
32744397
32744398
32744399
32744400
32744401
32744402
32744403
32744404
32744405
32744406
32744407
32744408
32744409
32744410
32744411
32744412
32744413
32744414
32744415
32744416
32744417
32744418
32744419
32744420
32744421
32744422
32744423
32744424
32744425
32744426
32744427
32744428
32744429
32744430
32744431
32744432
32744433
32744434
32744435
32744436
32744437
32744438
32744439
32744440
32744441
32744442
32744443
32744444
32744445
32744446
32744447
32744448
32744449
32744450
32744451
32744452
32744453
32744454
32744455
32744456
32744457
32744458
32744459
32744460
32744461
32744462
32744463
32744464
32744465
32744466
32744467
32744468
32744469
32744470
32744471
32744472
32744473
32744474
32744475
32744476
32744477
32744478
32744479
32744480
32744481
32744482
32744483
32744484
32744485
32744486
32744487
32744488
32744489
32744490
32744491
32744492
32744493
32744494
32744495
32744496
32744497
32744498
32744499
32744500
32744501
32744502
32744503
32744504
32744505
32744506
32744507
32744508
32744509
32744510
32744511
32744512
32744513
32744514
32744515
32744516
32744517
32744518
32744519
32744520
32744521
32744522
32744523
32744524
32744525
32744526
32744527
32744528
32744529
32744530
32744531
32744532
32744533
32744534
32744535
32744536
32744537
32744538
32744539
32744540
32744541
32744542
32744543
32744544
32744545
32744546
32744547
32744548
32744549
32744550
32744551
32744552
32744553
32744554
32744555
32744556
32744557
32744558
32744559
32744560
32744561
32744562
32744563
32744564
32744565
32744566
32744567
32744568
32744569
32744570
32744571
32744572
32744573
32744574
32744575
32744576
32744577
32744578
32744579
32744580
32744581
32744582
32744583
32744584
32744585
32744586
32744587
32744588
32744589
32744590
32744591
32744592
32744593
32744594
32744595
32744596
32744597
32744598
32744599
32744600
32744601
32744602
32744603
32744604
32744605
32744606
32744607
32744608
32744609
32744610
32744611
32744612
32744613
32744614
32744615
32744616
32744617
32744618
32744619
32744620
32744621
32744622
32744623
32744624
32744625
32744626
32744627
32744628
32744629
32744630
32744631
32744632
32744633
32744634
32744635
32744636
32744637
32744638
32744639
32744640
32744641
32744642
32744643
32744644
32744645
32744646
32744647
32744648
32744649
32744650
32744651
32744652
32744653
32744654
32744655
32744656
32744657
32744658
32744659
32744660
32744661
32744662
32744663
32744664
32744665
32744666
32744667
32744668
32744669
32744670
32744671
32744672
32744673
32744674
32744675
32744676
32744677
32744678
32744679
32744680
32744681
32744682
32744683
32744684
32744685
32744686
32744687
32744688
32744689
32744690
32744691
32744692
32744693
32744694
32744695
32744696
32744697
32744698
32744699
32744700
32744701
32744702
32744703
32744704
32744705
32744706
32744707
32744708
32744709
32744710
32744711
32744712
32744713
32744714
32744715
32744716
32744717
32744718
32744719
32744720
32744721
32744722
32744723
32744724
32744725
32744726
32744727
32744728
32744729
32744730
32744731
32744732
32744733
32744734
32744735
32744736
32744737
32744738
32744739
32744740
32744741
32744742
32744743
32744744
32744745
32744746
32744747
32744748
32744749
32744750
32744751
32744752
32744753
32744754
32744755
32744756
32744757
32744758
32744759
32744760
32744761
32744762
32744763
32744764
32744765
32744766
32744767
32744768
32744769
32744770
32744771
32744772
32744773
32744774
32744775
32744776
32744777
32744778
32744779
32744780
32744781
32744782
32744783
32744784
32744785
32744786
32744787
32744788
32744789
32744790
32744791
32744792
32744793
32744794
32744795
32744796
32744797
32744798
32744799
32744800
32744801
32744802
32744803
32744804
32744805
32744806
32744807
32744808
32744809
32744810
32744811
32744812
32744813
32744814
32744815
32744816
32744817
32744818
32744819
32744820
32744821
32744822
32744823
32744824
32744825
32744826
32744827
32744828
32744829
32744830
32744831
32744832
32744833
32744834
32744835
32744836
32744837
32744838
32744839
32744840
32744841
32744842
32744843
32744844
32744845
32744846
32744847
32744848
32744849
32744850
32744851
32744852
32744853
32744854
32744855
32744856
32744857
32744858
32744859
32744860
32744861
32744862
32744863
32744864
32744865
32744866
32744867
32744868
32744869
32744870
32744871
32744872
32744873
32744874
32744875
32744876
32744877
32744878
32744879
32744880
32744881
32744882
32744883
32744884
32744885
32744886
32744887
32744888
32744889
32744890
32744891
32744892
32744893
32744894
32744895
32744896
32744897
32744898
32744899
32744900
32744901
32744902
32744903
32744904
32744905
32744906
32744907
32744908
32744909
32744910
32744911
32744912
32744913
32744914
32744915
32744916
32744917
32744918
32744919
32744920
32744921
32744922
32744923
32744924
32744925
32744926
32744927
32744928
32744929
32744930
32744931
32744932
32744933
32744934
32744935
32744936
32744937
32744938
32744939
32744940
32744941
32744942
32744943
32744944
32744945
32744946
32744947
32744948
32744949
32744950
32744951
32744952
32744953
32744954
32744955
32744956
32744957
32744958
32744959
32744960
32744961
32744962
32744963
32744964
32744965
32744966
32744967
32744968
32744969
32744970
32744971
32744972
32744973
32744974
32744975
32744976
32744977
32744978
32744979
32744980
32744981
32744982
32744983
32744984
32744985
32744986
32744987
32744988
32744989
32744990
32744991
32744992
32744993
32744994
32744995
32744996
32744997
32744998
32744999
32745000
32745001
32745002
32745003
32745004
32745005
32745006
32745007
32745008
32745009
32745010
32745011
32745012
32745013
32745014
32745015
32745016
32745017
32745018
32745019
32745020
32745021
32745022
32745023
32745024
32745025
32745026
32745027
32745028
32745029
32745030
32745031
32745032
32745033
32745034
32745035
32745036
32745037
32745038
32745039
32745040
32745041
32745042
32745043
32745044
32745045
32745046
32745047
32745048
32745049
32745050
32745051
32745052
32745053
32745054
32745055
32745056
32745057
32745058
32745059
32745060
32745061
32745062
32745063
32745064
32745065
32745066
32745067
32745068
32745069
32745070
32745071
32745072
32745073
32745074
32745075
32745076
32745077
32745078
32745079
32745080
32745081
32745082
32745083
32745084
32745085
32745086
32745087
32745088
32745089
32745090
32745091
32745092
32745093
32745094
32745095
32745096
32745097
32745098
32745099
32745100
32745101
32745102
32745103
32745104
32745105
32745106
32745107
32745108
32745109
32745110
32745111
32745112
32745113
32745114
32745115
32745116
32745117
32745118
32745119
32745120
32745121
32745122
32745123
32745124
32745125
32745126
32745127
32745128
32745129
32745130
32745131
32745132
32745133
32745134
32745135
32745136
32745137
32745138
32745139
32745140
32745141
32745142
32745143
32745144
32745145
32745146
32745147
32745148
32745149
32745150
32745151
32745152
32745153
32745154
32745155
32745156
32745157
32745158
32745159
32745160
32745161
32745162
32745163
32745164
32745165
32745166
32745167
32745168
32745169
32745170
32745171
32745172
32745173
32745174
32745175
32745176
32745177
32745178
32745179
32745180
32745181
32745182
32745183
32745184
32745185
32745186
32745187
32745188
32745189
32745190
32745191
32745192
32745193
32745194
32745195
32745196
32745197
32745198
32745199
32745200
32745201
32745202
32745203
32745204
32745205
32745206
32745207
32745208
32745209
32745210
32745211
32745212
32745213
32745214
32745215
32745216
32745217
32745218
32745219
32745220
32745221
32745222
32745223
32745224
32745225
32745226
32745227
32745228
32745229
32745230
32745231
32745232
32745233
32745234
32745235
32745236
32745237
32745238
32745239
32745240
32745241
32745242
32745243
32745244
32745245
32745246
32745247
32745248
32745249
32745250
32745251
32745252
32745253
32745254
32745255
32745256
32745257
32745258
32745259
32745260
32745261
32745262
32745263
32745264
32745265
32745266
32745267
32745268
32745269
32745270
32745271
32745272
32745273
32745274
32745275
32745276
32745277
32745278
32745279
32745280
32745281
32745282
32745283
32745284
32745285
32745286
32745287
32745288
32745289
32745290
32745291
32745292
32745293
32745294
32745295
32745296
32745297
32745298
32745299
32745300
32745301
32745302
32745303
32745304
32745305
32745306
32745307
32745308
32745309
32745310
32745311
32745312
32745313
32745314
32745315
32745316
32745317
32745318
32745319
32745320
32745321
32745322
32745323
32745324
32745325
32745326
32745327
32745328
32745329
32745330
32745331
32745332
32745333
32745334
32745335
32745336
32745337
32745338
32745339
32745340
32745341
32745342
32745343
32745344
32745345
32745346
32745347
32745348
32745349
32745350
32745351
32745352
32745353
32745354
32745355
32745356
32745357
32745358
32745359
32745360
32745361
32745362
32745363
32745364
32745365
32745366
32745367
32745368
32745369
32745370
32745371
32745372
32745373
32745374
32745375
32745376
32745377
32745378
32745379
32745380
32745381
32745382
32745383
32745384
32745385
32745386
32745387
32745388
32745389
32745390
32745391
32745392
32745393
32745394
32745395
32745396
32745397
32745398
32745399
32745400
32745401
32745402
32745403
32745404
32745405
32745406
32745407
32745408
32745409
32745410
32745411
32745412
32745413
32745414
32745415
32745416
32745417
32745418
32745419
32745420
32745421
32745422
32745423
32745424
32745425
32745426
32745427
32745428
32745429
32745430
32745431
32745432
32745433
32745434
32745435
32745436
32745437
32745438
32745439
32745440
32745441
32745442
32745443
32745444
32745445
32745446
32745447
32745448
32745449
32745450
32745451
32745452
32745453
32745454
32745455
32745456
32745457
32745458
32745459
32745460
32745461
32745462
32745463
32745464
32745465
32745466
32745467
32745468
32745469
32745470
32745471
32745472
32745473
32745474
32745475
32745476
32745477
32745478
32745479
32745480
32745481
32745482
32745483
32745484
32745485
32745486
32745487
32745488
32745489
32745490
32745491
32745492
32745493
32745494
32745495
32745496
32745497
32745498
32745499
32745500
32745501
32745502
32745503
32745504
32745505
32745506
32745507
32745508
32745509
32745510
32745511
32745512
32745513
32745514
32745515
32745516
32745517
32745518
32745519
32745520
32745521
32745522
32745523
32745524
32745525
32745526
32745527
32745528
32745529
32745530
32745531
32745532
32745533
32745534
32745535
32745536
32745537
32745538
32745539
32745540
32745541
32745542
32745543
32745544
32745545
32745546
32745547
32745548
32745549
32745550
32745551
32745552
32745553
32745554
32745555
32745556
32745557
32745558
32745559
32745560
32745561
32745562
32745563
32745564
32745565
32745566
32745567
32745568
32745569
32745570
32745571
32745572
32745573
32745574
32745575
32745576
32745577
32745578
32745579
32745580
32745581
32745582
32745583
32745584
32745585
32745586
32745587
32745588
32745589
32745590
32745591
32745592
32745593
32745594
32745595
32745596
32745597
32745598
32745599
32745600
32745601
32745602
32745603
32745604
32745605
32745606
32745607
32745608
32745609
32745610
32745611
32745612
32745613
32745614
32745615
32745616
32745617
32745618
32745619
32745620
32745621
32745622
32745623
32745624
32745625
32745626
32745627
32745628
32745629
32745630
32745631
32745632
32745633
32745634
32745635
32745636
32745637
32745638
32745639
32745640
32745641
32745642
32745643
32745644
32745645
32745646
32745647
32745648
32745649
32745650
32745651
32745652
32745653
32745654
32745655
32745656
32745657
32745658
32745659
32745660
32745661
32745662
32745663
32745664
32745665
32745666
32745667
32745668
32745669
32745670
32745671
32745672
32745673
32745674
32745675
32745676
32745677
32745678
32745679
32745680
32745681
32745682
32745683
32745684
32745685
32745686
32745687
32745688
32745689
32745690
32745691
32745692
32745693
32745694
32745695
32745696
32745697
32745698
32745699
32745700
32745701
32745702
32745703
32745704
32745705
32745706
32745707
32745708
32745709
32745710
32745711
32745712
32745713
32745714
32745715
32745716
32745717
32745718
32745719
32745720
32745721
32745722
32745723
32745724
32745725
32745726
32745727
32745728
32745729
32745730
32745731
32745732
32745733
32745734
32745735
32745736
32745737
32745738
32745739
32745740
32745741
32745742
32745743
32745744
32745745
32745746
32745747
32745748
32745749
32745750
32745751
32745752
32745753
32745754
32745755
32745756
32745757
32745758
32745759
32745760
32745761
32745762
32745763
32745764
32745765
32745766
32745767
32745768
32745769
32745770
32745771
32745772
32745773
32745774
32745775
32745776
32745777
32745778
32745779
32745780
32745781
32745782
32745783
32745784
32745785
32745786
32745787
32745788
32745789
32745790
32745791
32745792
32745793
32745794
32745795
32745796
32745797
32745798
32745799
32745800
32745801
32745802
32745803
32745804
32745805
32745806
32745807
32745808
32745809
32745810
32745811
32745812
32745813
32745814
32745815
32745816
32745817
32745818
32745819
32745820
32745821
32745822
32745823
32745824
32745825
32745826
32745827
32745828
32745829
32745830
32745831
32745832
32745833
32745834
32745835
32745836
32745837
32745838
32745839
32745840
32745841
32745842
32745843
32745844
32745845
32745846
32745847
32745848
32745849
32745850
32745851
32745852
32745853
32745854
32745855
32745856
32745857
32745858
32745859
32745860
32745861
32745862
32745863
32745864
32745865
32745866
32745867
32745868
32745869
32745870
32745871
32745872
32745873
32745874
32745875
32745876
32745877
32745878
32745879
32745880
32745881
32745882
32745883
32745884
32745885
32745886
32745887
32745888
32745889
32745890
32745891
32745892
32745893
32745894
32745895
32745896
32745897
32745898
32745899
32745900
32745901
32745902
32745903
32745904
32745905
32745906
32745907
32745908
32745909
32745910
32745911
32745912
32745913
32745914
32745915
32745916
32745917
32745918
32745919
32745920
32745921
32745922
32745923
32745924
32745925
32745926
32745927
32745928
32745929
32745930
32745931
32745932
32745933
32745934
32745935
32745936
32745937
32745938
32745939
32745940
32745941
32745942
32745943
32745944
32745945
32745946
32745947
32745948
32745949
32745950
32745951
32745952
32745953
32745954
32745955
32745956
32745957
32745958
32745959
32745960
32745961
32745962
32745963
32745964
32745965
32745966
32745967
32745968
32745969
32745970
32745971
32745972
32745973
32745974
32745975
32745976
32745977
32745978
32745979
32745980
32745981
32745982
32745983
32745984
32745985
32745986
32745987
32745988
32745989
32745990
32745991
32745992
32745993
32745994
32745995
32745996
32745997
32745998
32745999
32746000
32746001
32746002
32746003
32746004
32746005
32746006
32746007
32746008
32746009
32746010
32746011
32746012
32746013
32746014
32746015
32746016
32746017
32746018
32746019
32746020
32746021
32746022
32746023
32746024
32746025
32746026
32746027
32746028
32746029
32746030
32746031
32746032
32746033
32746034
32746035
32746036
32746037
32746038
32746039
32746040
32746041
32746042
32746043
32746044
32746045
32746046
32746047
32746048
32746049
32746050
32746051
32746052
32746053
32746054
32746055
32746056
32746057
32746058
32746059
32746060
32746061
32746062
32746063
32746064
32746065
32746066
32746067
32746068
32746069
32746070
32746071
32746072
32746073
32746074
32746075
32746076
32746077
32746078
32746079
32746080
32746081
32746082
32746083
32746084
32746085
32746086
32746087
32746088
32746089
32746090
32746091
32746092
32746093
32746094
32746095
32746096
32746097
32746098
32746099
32746100
32746101
32746102
32746103
32746104
32746105
32746106
32746107
32746108
32746109
32746110
32746111
32746112
32746113
32746114
32746115
32746116
32746117
32746118
32746119
32746120
32746121
32746122
32746123
32746124
32746125
32746126
32746127
32746128
32746129
32746130
32746131
32746132
32746133
32746134
32746135
32746136
32746137
32746138
32746139
32746140
32746141
32746142
32746143
32746144
32746145
32746146
32746147
32746148
32746149
32746150
32746151
32746152
32746153
32746154
32746155
32746156
32746157
32746158
32746159
32746160
32746161
32746162
32746163
32746164
32746165
32746166
32746167
32746168
32746169
32746170
32746171
32746172
32746173
32746174
32746175
32746176
32746177
32746178
32746179
32746180
32746181
32746182
32746183
32746184
32746185
32746186
32746187
32746188
32746189
32746190
32746191
32746192
32746193
32746194
32746195
32746196
32746197
32746198
32746199
32746200
32746201
32746202
32746203
32746204
32746205
32746206
32746207
32746208
32746209
32746210
32746211
32746212
32746213
32746214
32746215
32746216
32746217
32746218
32746219
32746220
32746221
32746222
32746223
32746224
32746225
32746226
32746227
32746228
32746229
32746230
32746231
32746232
32746233
32746234
32746235
32746236
32746237
32746238
32746239
32746240
32746241
32746242
32746243
32746244
32746245
32746246
32746247
32746248
32746249
32746250
32746251
32746252
32746253
32746254
32746255
32746256
32746257
32746258
32746259
32746260
32746261
32746262
32746263
32746264
32746265
32746266
32746267
32746268
32746269
32746270
32746271
32746272
32746273
32746274
32746275
32746276
32746277
32746278
32746279
32746280
32746281
32746282
32746283
32746284
32746285
32746286
32746287
32746288
32746289
32746290
32746291
32746292
32746293
32746294
32746295
32746296
32746297
32746298
32746299
32746300
32746301
32746302
32746303
32746304
32746305
32746306
32746307
32746308
32746309
32746310
32746311
32746312
32746313
32746314
32746315
32746316
32746317
32746318
32746319
32746320
32746321
32746322
32746323
32746324
32746325
32746326
32746327
32746328
32746329
32746330
32746331
32746332
32746333
32746334
32746335
32746336
32746337
32746338
32746339
32746340
32746341
32746342
32746343
32746344
32746345
32746346
32746347
32746348
32746349
32746350
32746351
32746352
32746353
32746354
32746355
32746356
32746357
32746358
32746359
32746360
32746361
32746362
32746363
32746364
32746365
32746366
32746367
32746368
32746369
32746370
32746371
32746372
32746373
32746374
32746375
32746376
32746377
32746378
32746379
32746380
32746381
32746382
32746383
32746384
32746385
32746386
32746387
32746388
32746389
32746390
32746391
32746392
32746393
32746394
32746395
32746396
32746397
32746398
32746399
32746400
32746401
32746402
32746403
32746404
32746405
32746406
32746407
32746408
32746409
32746410
32746411
32746412
32746413
32746414
32746415
32746416
32746417
32746418
32746419
32746420
32746421
32746422
32746423
32746424
32746425
32746426
32746427
32746428
32746429
32746430
32746431
32746432
32746433
32746434
32746435
32746436
32746437
32746438
32746439
32746440
32746441
32746442
32746443
32746444
32746445
32746446
32746447
32746448
32746449
32746450
32746451
32746452
32746453
32746454
32746455
32746456
32746457
32746458
32746459
32746460
32746461
32746462
32746463
32746464
32746465
32746466
32746467
32746468
32746469
32746470
32746471
32746472
32746473
32746474
32746475
32746476
32746477
32746478
32746479
32746480
32746481
32746482
32746483
32746484
32746485
32746486
32746487
32746488
32746489
32746490
32746491
32746492
32746493
32746494
32746495
32746496
32746497
32746498
32746499
32746500
32746501
32746502
32746503
32746504
32746505
32746506
32746507
32746508
32746509
32746510
32746511
32746512
32746513
32746514
32746515
32746516
32746517
32746518
32746519
32746520
32746521
32746522
32746523
32746524
32746525
32746526
32746527
32746528
32746529
32746530
32746531
32746532
32746533
32746534
32746535
32746536
32746537
32746538
32746539
32746540
32746541
32746542
32746543
32746544
32746545
32746546
32746547
32746548
32746549
32746550
32746551
32746552
32746553
32746554
32746555
32746556
32746557
32746558
32746559
32746560
32746561
32746562
32746563
32746564
32746565
32746566
32746567
32746568
32746569
32746570
32746571
32746572
32746573
32746574
32746575
32746576
32746577
32746578
32746579
32746580
32746581
32746582
32746583
32746584
32746585
32746586
32746587
32746588
32746589
32746590
32746591
32746592
32746593
32746594
32746595
32746596
32746597
32746598
32746599
32746600
32746601
32746602
32746603
32746604
32746605
32746606
32746607
32746608
32746609
32746610
32746611
32746612
32746613
32746614
32746615
32746616
32746617
32746618
32746619
32746620
32746621
32746622
32746623
32746624
32746625
32746626
32746627
32746628
32746629
32746630
32746631
32746632
32746633
32746634
32746635
32746636
32746637
32746638
32746639
32746640
32746641
32746642
32746643
32746644
32746645
32746646
32746647
32746648
32746649
32746650
32746651
32746652
32746653
32746654
32746655
32746656
32746657
32746658
32746659
32746660
32746661
32746662
32746663
32746664
32746665
32746666
32746667
32746668
32746669
32746670
32746671
32746672
32746673
32746674
32746675
32746676
32746677
32746678
32746679
32746680
32746681
32746682
32746683
32746684
32746685
32746686
32746687
32746688
32746689
32746690
32746691
32746692
32746693
32746694
32746695
32746696
32746697
32746698
32746699
32746700
32746701
32746702
32746703
32746704
32746705
32746706
32746707
32746708
32746709
32746710
32746711
32746712
32746713
32746714
32746715
32746716
32746717
32746718
32746719
32746720
32746721
32746722
32746723
32746724
32746725
32746726
32746727
32746728
32746729
32746730
32746731
32746732
32746733
32746734
32746735
32746736
32746737
32746738
32746739
32746740
32746741
32746742
32746743
32746744
32746745
32746746
32746747
32746748
32746749
32746750
32746751
32746752
32746753
32746754
32746755
32746756
32746757
32746758
32746759
32746760
32746761
32746762
32746763
32746764
32746765
32746766
32746767
32746768
32746769
32746770
32746771
32746772
32746773
32746774
32746775
32746776
32746777
32746778
32746779
32746780
32746781
32746782
32746783
32746784
32746785
32746786
32746787
32746788
32746789
32746790
32746791
32746792
32746793
32746794
32746795
32746796
32746797
32746798
32746799
32746800
32746801
32746802
32746803
32746804
32746805
32746806
32746807
32746808
32746809
32746810
32746811
32746812
32746813
32746814
32746815
32746816
32746817
32746818
32746819
32746820
32746821
32746822
32746823
32746824
32746825
32746826
32746827
32746828
32746829
32746830
32746831
32746832
32746833
32746834
32746835
32746836
32746837
32746838
32746839
32746840
32746841
32746842
32746843
32746844
32746845
32746846
32746847
32746848
32746849
32746850
32746851
32746852
32746853
32746854
32746855
32746856
32746857
32746858
32746859
32746860
32746861
32746862
32746863
32746864
32746865
32746866
32746867
32746868
32746869
32746870
32746871
32746872
32746873
32746874
32746875
32746876
32746877
32746878
32746879
32746880
32746881
32746882
32746883
32746884
32746885
32746886
32746887
32746888
32746889
32746890
32746891
32746892
32746893
32746894
32746895
32746896
32746897
32746898
32746899
32746900
32746901
32746902
32746903
32746904
32746905
32746906
32746907
32746908
32746909
32746910
32746911
32746912
32746913
32746914
32746915
32746916
32746917
32746918
32746919
32746920
32746921
32746922
32746923
32746924
32746925
32746926
32746927
32746928
32746929
32746930
32746931
32746932
32746933
32746934
32746935
32746936
32746937
32746938
32746939
32746940
32746941
32746942
32746943
32746944
32746945
32746946
32746947
32746948
32746949
32746950
32746951
32746952
32746953
32746954
32746955
32746956
32746957
32746958
32746959
32746960
32746961
32746962
32746963
32746964
32746965
32746966
32746967
32746968
32746969
32746970
32746971
32746972
32746973
32746974
32746975
32746976
32746977
32746978
32746979
32746980
32746981
32746982
32746983
32746984
32746985
32746986
32746987
32746988
32746989
32746990
32746991
32746992
32746993
32746994
32746995
32746996
32746997
32746998
32746999
32747000
32747001
32747002
32747003
32747004
32747005
32747006
32747007
32747008
32747009
32747010
32747011
32747012
32747013
32747014
32747015
32747016
32747017
32747018
32747019
32747020
32747021
32747022
32747023
32747024
32747025
32747026
32747027
32747028
32747029
32747030
32747031
32747032
32747033
32747034
32747035
32747036
32747037
32747038
32747039
32747040
32747041
32747042
32747043
32747044
32747045
32747046
32747047
32747048
32747049
32747050
32747051
32747052
32747053
32747054
32747055
32747056
32747057
32747058
32747059
32747060
32747061
32747062
32747063
32747064
32747065
32747066
32747067
32747068
32747069
32747070
32747071
32747072
32747073
32747074
32747075
32747076
32747077
32747078
32747079
32747080
32747081
32747082
32747083
32747084
32747085
32747086
32747087
32747088
32747089
32747090
32747091
32747092
32747093
32747094
32747095
32747096
32747097
32747098
32747099
32747100
32747101
32747102
32747103
32747104
32747105
32747106
32747107
32747108
32747109
32747110
32747111
32747112
32747113
32747114
32747115
32747116
32747117
32747118
32747119
32747120
32747121
32747122
32747123
32747124
32747125
32747126
32747127
32747128
32747129
32747130
32747131
32747132
32747133
32747134
32747135
32747136
32747137
32747138
32747139
32747140
32747141
32747142
32747143
32747144
32747145
32747146
32747147
32747148
32747149
32747150
32747151
32747152
32747153
32747154
32747155
32747156
32747157
32747158
32747159
32747160
32747161
32747162
32747163
32747164
32747165
32747166
32747167
32747168
32747169
32747170
32747171
32747172
32747173
32747174
32747175
32747176
32747177
32747178
32747179
32747180
32747181
32747182
32747183
32747184
32747185
32747186
32747187
32747188
32747189
32747190
32747191
32747192
32747193
32747194
32747195
32747196
32747197
32747198
