32741444
32741445
32741446
32741447
32741448
32741449
32741450
32741451
32741452
32741453
32741454
32741455
32741456
32741457
32741458
32741459
32741460
32741461
32741462
32741463
32741464
32741465
32741466
32741467
32741468
32741469
32741470
32741471
32741472
32741473
32741474
32741475
32741476
32741477
32741478
32741479
32741480
32741481
32741482
32741483
32741484
32741485
32741486
32741487
32741488
32741489
32741490
32741491
32741492
32741493
32741494
32741495
32741496
32741497
32741498
32741499
32741500
32741501
32741502
32741503
32741504
32741505
32741506
32741507
32741508
32741509
32741510
32741511
32741512
32741513
32741514
32741515
32741516
32741517
32741518
32741519
32741520
32741521
32741522
32741523
32741524
32741525
32745159
32745160
32745161
32745162
32745163
32745164
32745165
32745166
32745167
32745168
32745169
32745170
32745171
32745172
32745173
32745174
32745175
32745176
32745177
32745178
32745179
32745180
32745181
32745182
32745183
32745184
32745185
32745186
32745187
32745188
32745189
32745190
32745191
32745192
32745193
32745194
32745195
32745196
32745197
32745198
32745199
32745200
32745201
32745202
32745203
32745204
32745205
32745206
32745207
32745208
32745209
32745210
32745211
32745212
32745213
32745214
32745215
32745216
32745217
32745218
32745219
32745220
32745221
32745222
32745223
32745224
32745225
32745226
32745227
32745228
32745229
32745230
32745231
32745232
32745233
32745234
32745235
32745236
32745237
32745238
32745239
32745240
32745241
32745242
32745243
32745244
32745245
32745246
32745247
32745248
32745249
32745250
32745251
32745252
32745253
32745254
32745255
32745256
32745257
32745258
32745259
32745260
32745261
32745262
32745263
32745264
32745265
32745266
32745267
32745268
32745269
32745270
32745271
32745272
32745273
32745274
32745275
32745276
32745277
32745278
32745279
32745280
32745281
32745282
32745283
32745284
32745285
32745286
32745287
32745288
32745289
32745290
32745291
32745292
32745293
32745294
32745295
32745296
32745297
32745298
32745299
32745300
32745301
32745302
32745303
32745304
32745305
32745306
32745307
32745308
32745309
32745310
32745311
32745312
32745313
32745314
32745315
32745316
32745317
32745318
32745319
32745320
32745321
32745322
32745323
32745324
32745325
32745326
32745327
32745328
32745329
32745330
32745331
32745332
32745333
32745334
32745335
32745336
32745337
32745338
32745339
32745340
32745341
32745342
32745343
32745344
32745345
32745346
32745347
32745348
32745349
32745350
32745351
32745352
32745353
32745354
32745355
32745356
32745357
32745358
32745359
32745360
32745361
32745362
32745363
32745364
32745365
32745366
32745367
32745368
32745369
32745370
32745371
32745372
32745373
32745374
32745375
32745376
32745377
32745378
32745379
32745380
32745381
32745382
32745383
32745384
32745385
32745386
32745387
32745388
32745389
32745390
32745391
32745392
32745393
32745394
32745395
32745396
32745397
32745398
32745399
32745400
32745401
32745402
32745403
32745404
32745405
32745406
32745407
32745791
32745792
32745793
32745794
32745795
32745796
32745797
32745798
32745799
32745800
32745801
32745802
32745803
32745804
32745805
32745806
32745807
32745808
32745809
32745810
32745811
32745812
32745813
32745814
32745815
32745816
32745817
32745818
32745819
32745820
32745821
32745822
32745823
32745824
32745825
32745826
32745827
32745828
32745829
32745830
32745831
32745832
32745833
32745834
32745835
32745836
32745837
32745838
32745839
32745840
32745841
32745842
32745843
32745844
32745845
32745846
32745847
32745848
32745849
32745850
32745851
32745852
32745853
32745854
32745855
32745856
32745857
32745858
32745859
32745860
32745861
32745862
32745863
32745864
32745865
32745866
32745867
32745868
32745869
32745870
32745871
32745872
32745873
32745874
32745875
32745876
32745877
32745878
32745879
32745880
32745881
32745882
32745883
32745884
32745885
32745886
32745887
32745888
32745889
32745890
32745891
32745892
32745893
32745894
32745895
32745896
32745897
32745898
32745899
32745900
32745901
32745902
32745903
32745904
32745905
32745906
32745907
32745908
32745909
32745910
32745911
32745912
32745913
32745914
32745915
32745916
32745917
32745918
32745919
32745920
32745921
32745922
32745923
32745924
32745925
32745926
32745927
32745928
32745929
32745930
32745931
32745932
32745933
32745934
32745935
32745936
32745937
32745938
32745939
32745940
32745941
32745942
32745943
32745944
32745945
32745946
32745947
32745948
32745949
32745950
32745951
32745952
32745953
32745954
32745955
32745956
32745957
32745958
32745959
32745960
32745961
32745962
32745963
32745964
32745965
32745966
32745967
32745968
32745969
32745970
32745971
32745972
32745973
32745974
32745975
32745976
32745977
32745978
32745979
32745980
32745981
32745982
32745983
32745984
32745985
32745986
32745987
32745988
32745989
32745990
32745991
32745992
32745993
32745994
32745995
32745996
32745997
32745998
32745999
32746000
32746001
32746002
32746003
32746004
32746005
32746006
32746007
32746008
32746009
32746010
32746011
32746012
32746013
32746014
32746015
32746016
32746017
32746018
32746019
32746020
32746021
32746022
32746023
32746024
32746025
32746026
32746027
32746028
32746029
32746030
32746031
32746032
32746033
32746034
32746035
32746036
32746037
32746038
32746039
32746040
32746041
32746042
32746043
32746044
32746045
32746046
32746047
32746048
32746049
32746050
32746051
32746052
32746053
32746054
32746055
32746056
32746057
32746058
32746059
32746060
32746061
32746062
32746063
32746064
32746065
32746066
32746067
32746068
32746069
32746070
32746071
32746072
32746240
32746241
32746242
32746243
32746244
32746245
32746246
32746247
32746248
32746249
32746250
32746251
32746252
32746253
32746254
32746255
32746256
32746257
32746258
32746259
32746260
32746261
32746262
32746263
32746264
32746265
32746266
32746267
32746268
32746269
32746270
32746271
32746272
32746273
32746274
32746275
32746276
32746277
32746278
32746279
32746280
32746281
32746282
32746283
32746284
32746285
32746286
32746287
32746288
32746289
32746290
32746291
32746292
32746293
32746294
32746295
32746296
32746297
32746298
32746299
32746300
32746301
32746302
32746303
32746304
32746305
32746306
32746307
32746308
32746309
32746310
32746311
32746312
32746313
32746314
32746315
32746316
32746317
32746318
32746319
32746320
32746321
32746322
32746323
32746324
32746325
32746326
32746327
32746328
32746329
32746330
32746331
32746332
32746333
32746334
32746335
32746336
32746337
32746338
32746339
32746340
32746341
32746342
32746343
32746344
32746345
32746346
32746347
32746348
32746349
32746350
32746351
32746352
32746353
32746354
32746355
32746356
32746357
32746358
32746359
32746360
32746361
32746362
32746363
32746364
32746365
32746366
32746367
32746368
32746369
32746370
32746371
32746372
32746373
32746374
32746375
32746376
32746377
32746378
32746379
32746380
32746381
32746382
32746383
32746384
32746385
32746386
32746387
32746388
32746389
32746390
32746391
32746392
32746393
32746394
