32763532
32763531
32763530
32763529
32763528
32763527
32763526
32763525
32763524
32763523
32763522
32763521
32763520
32763519
32763518
32763517
32763516
32763515
32763514
32763513
32763512
32763511
32763510
32763509
32763508
32763507
32763506
32763505
32763504
32763503
32763502
32763501
32763500
32763499
32763498
32763497
32763496
32763495
32763494
32763493
32763492
32763491
32763490
32763489
32763488
32763487
32763486
32763485
32763484
32763483
32763482
32763481
32763480
32763479
32763478
32763477
32763476
32763475
32763474
32763473
32763472
32763471
32763470
32763469
32763468
32763467
32763466
32763465
32763464
32763463
32763462
32763461
32763460
32763459
32763458
32763457
32763456
32763455
32763454
32763453
32763452
32763451
32763450
32763449
32763448
32763447
32763446
32763445
32763444
32763443
32763442
32763441
32763440
32763439
32763438
32763437
32763436
32763435
32763434
32763433
32763432
32763431
32763430
32763429
32763428
32763427
32763426
32763425
32763424
32763423
32763422
32763421
32763420
32763419
32763418
32763417
32763416
32763415
32763414
32763413
32763412
32763411
32763410
32763409
32763408
32763407
32763406
32763405
32763404
32763403
32763402
32763401
32763400
32763399
32763398
32763397
32763396
32763395
32763394
32763393
32763392
32763391
32763390
32763389
32763388
32763387
32763386
32763385
32763384
32763383
32763382
32763381
32763380
32763379
32763378
32763377
32763376
32763375
32763374
32763373
32763372
32763371
32763370
32763369
32763368
32763367
32763366
32763365
32763364
32763363
32763362
32763361
32763360
32763359
32763358
32763357
32763356
32763355
32763354
32763353
32763352
32763351
32763350
32763349
32763348
32763347
32763346
32763345
32763344
32763343
32763342
32763341
32763340
32763339
32763338
32763337
32763336
32763335
32763334
32763333
32763332
32763331
32763330
32763329
32763328
32763327
32763326
32763325
32763324
32763323
32763322
32763321
32763320
32763319
32763318
32763317
32763316
32763315
32763314
32763313
32763312
32763311
32763310
32763309
32763308
32763307
32763306
32763305
32763304
32763303
32763302
32763301
32763300
32763299
32763298
32763297
32763296
32763295
32763294
32763293
32763292
32763291
32763290
32763289
32763288
32763287
32763286
32763285
32763284
32763283
32763282
32763281
32763280
32763279
32763278
32763277
32763276
32763275
32763274
32763273
32763272
32763271
32763270
32763269
32763268
32763267
32763266
32763265
32763264
32763263
32763262
32763261
32763260
32763259
32763258
32763257
32763256
32763255
32763254
32763253
32763252
32763251
32763250
32763249
32763248
32763247
32763246
32763245
32763244
32763243
32763242
32763241
32763240
32763239
32763238
32763237
32763236
32763235
32763234
32763233
32763232
32763231
32763230
32763229
32763228
32763227
32763226
32763225
32763224
32763223
32763222
32763221
32763220
32763219
32763218
32763217
32763216
32763215
32763214
32763213
32763212
32763211
32763210
32763209
32763208
32763207
32763206
32763205
32763204
32763203
32763202
32763201
32763200
32763199
32763198
32763197
32763196
32763195
32763194
32763193
32763192
32763191
32763190
32763189
32763188
32763187
32763186
32763185
32763184
32763183
32763182
32763181
32763180
32763179
32763178
32763177
32763176
32763175
32763174
32763173
32763172
32763171
32763170
32763169
32763168
32763167
32763166
32763165
32763164
32763163
32763162
32763161
32763160
32763159
32763158
32763157
32763156
32763155
32763154
32763153
32763152
32763151
32763150
32763149
32763148
32763147
32763146
32763145
32763144
32763143
32763142
32763141
32763140
32763139
32763138
32763137
32763136
32763135
32763134
32763133
32763132
32763131
32763130
32763129
32763128
32763127
32763126
32763125
32763124
32763123
32763122
32763121
32763120
32763119
32763118
32763117
32763116
32763115
32763114
32763113
32763112
32763111
32763110
32763109
32763108
32763107
32763106
32763105
32763104
32763103
32763102
32763101
32763100
32763099
32763098
32763097
32763096
32763095
32763094
32763093
32763092
32763091
32763090
32763089
32763088
32763087
32763086
32763085
32763084
32763083
32763082
32763081
32763080
32763079
32763078
32763077
32763076
32763075
32763074
32763073
32763072
32763071
32763070
32763069
32763068
32763067
32763066
32763065
32763064
32763063
32763062
32763061
32763060
32763059
32763058
32763057
32763056
32763055
32763054
32763053
32763052
32763051
32763050
32763049
32763048
32763047
32763046
32763045
32763044
32763043
32763042
32763041
32763040
32763039
32763038
32763037
32763036
32763035
32763034
32763033
32763032
32763031
32763030
32763029
32763028
32763027
32763026
32763025
32763024
32763023
32763022
32763021
32763020
32763019
32763018
32763017
32763016
32763015
32763014
32763013
32763012
32763011
32763010
32763009
32763008
32763007
32763006
32763005
32763004
32763003
32763002
32763001
32763000
32762999
32762998
32762997
32762996
32762995
32762994
32762993
32762992
32762991
32762990
32762989
32762988
32762987
32762986
32762985
32762984
32762983
32762982
32762981
32762980
32762979
32762978
32762977
32762976
32762975
32762974
32762973
32762972
32762971
32762970
32762969
32762968
32762967
32762966
32762965
32762964
32762963
32762962
32762961
32762960
32762959
32762958
32762957
32762956
32762955
32762954
32762953
32762952
32762951
32762950
32762949
32762948
32762947
32762946
32762945
32762944
32762943
32762942
32762941
32762940
32762939
32762938
32762937
32762936
32762935
32762934
32762933
32762932
32762931
32762930
32762929
32762928
32762927
32762926
32762925
32762924
32762923
32762922
32762921
32762920
32762919
32762918
32762917
32762916
32762915
32762914
32762913
32762912
32762911
32762910
32762909
32762908
32762907
32762906
32762905
32762904
32762903
32762902
32762901
32762900
32762899
32762898
32762897
32762896
32762895
32762894
32762893
32762892
32762891
32762890
32762889
32762888
32762887
32762886
32762885
32762884
32762883
32762882
32762881
32762880
32762879
32762878
32762877
32762876
32762875
32762874
32762873
32762872
32762871
32762870
32762869
32762868
32762867
32762866
32762865
32762864
32762863
32762862
32762861
32762860
32762859
32762858
32762857
32762856
32762855
32762854
32762853
32762852
32762851
32762850
32762849
32762848
32762847
32762846
32762845
32762844
32762843
32762842
32762841
32762840
32762839
32762838
32762837
32762836
32762835
32762834
32762833
32762832
32762831
32762830
32762829
32762828
32762827
32762826
32762825
32762824
32762823
32762822
32762821
32762820
32762819
32762818
32762817
32762816
32762815
32762814
32762813
32762812
32762811
32762810
32762809
32762808
32762807
32762806
32762805
32762804
32762803
32762802
32762801
32762800
32762799
32762798
32762797
32762796
32762795
32762794
32762793
32762792
32762791
32762790
32762789
32762788
32762787
32762786
32762785
32762784
32762783
32762782
32762781
32762780
32762779
32762778
32762777
32762776
32762775
32762774
32762773
32762772
32762771
32762770
32762769
32762768
32762767
32762766
32762765
32762764
32762763
32762762
32762761
32762760
32762759
32762758
32762757
32762756
32762755
32762754
32762753
32762752
32762751
32762750
32762749
32762748
32762747
32762746
32762745
32762744
32762743
32762742
32762741
32762740
32762739
32762738
32762737
32762736
32762735
32762734
32762733
32762732
32762731
32762730
32762729
32762728
32762727
32762726
32762725
32762724
32762723
32762722
32762721
32762720
32762719
32762718
32762717
32762716
32762715
32762714
32762713
32762712
32762711
32762710
32762709
32762708
32762707
32762706
32762705
32762704
32762703
32762702
32762701
32762700
32762699
32762698
32762697
32762696
32762695
32762694
32762693
32762692
32762691
32762690
32762689
32762688
32762687
32762686
32762685
32762684
32762683
32762682
32762681
32762680
32762679
32762678
32762677
32762676
32762675
32762674
32762673
32762672
32762671
32762670
32762669
32762668
32762667
32762666
32762665
32762664
32762663
32762662
32762661
32762660
32762659
32762658
32762657
32762656
32762655
32762654
32762653
32762652
32762651
32762650
32762649
32762648
32762647
32762646
32762645
32762644
32762643
32762642
32762641
32762640
32762639
32762638
32762637
32762636
32762635
32762634
32762633
32762632
32762631
32762630
32762629
32762628
32762627
32762626
32762625
32762624
32762623
32762622
32762621
32762620
32762619
32762618
32762617
32762616
32762615
32762614
32762613
32762612
32762611
32762610
32762609
32762608
32762607
32762606
32762605
32762604
32762603
32762602
32762601
32762600
32762599
32762598
32762597
32762596
32762595
32762594
32762593
32762592
32762591
32762590
32762589
32762588
32762587
32762586
32762585
32762584
32762583
32762582
32762581
32762580
32762579
32762578
32762577
32762576
32762575
32762574
32762573
32762572
32762571
32762570
32762569
32762568
32762567
32762566
32762565
32762564
32762563
32762562
32762561
32762560
32762559
32762558
32762557
32762556
32762555
32762554
32762553
32762552
32762551
32762550
32762549
32762548
32762547
32762546
32762545
32762544
32762543
32762542
32762541
32762540
32762539
32762538
32762537
32762536
32762535
32762534
32762533
32762532
32762531
32762530
32762529
32762528
32762527
32762526
32762525
32762524
32762523
32762522
32762521
32762520
32762519
32762518
32762517
32762516
32762515
32762514
32762513
32762512
32762511
32762510
32762509
32762508
32762507
32762506
32762505
32762504
32762503
32762502
32762501
32762500
32762499
32762498
32762497
32762496
32762495
32762494
32762493
32762492
32762491
32762490
32762489
32762488
32762487
32762486
32762485
32762484
32762483
32762482
32762481
32762480
32762479
32762478
32762477
32762476
32762475
32762474
32762473
32762472
32762471
32762470
32762469
32762468
32762467
32762466
32762465
32762464
32762463
32762462
32762461
32762460
32762459
32762458
32762457
32762456
32762455
32762454
32762453
32762452
32762451
32762450
32762449
32762448
32762447
32762446
32762445
32762444
32762443
32762442
32762441
32762440
32762439
32762438
32762437
32762436
32762435
32762434
32762433
32762432
32762431
32762430
32762429
32762428
32762427
32762426
32762425
32762424
32762423
32762422
32762421
32762420
32762419
32762418
32762417
32762416
32762415
32762414
32762413
32762412
32762411
32762410
32762409
32762408
32762407
32762406
32762405
32762404
32762403
32762402
32762401
32762400
32762399
32762398
32762397
32762396
32762395
32762394
32762393
32762392
32762391
32762390
32762389
32762388
32762387
32762386
32762385
32762384
32762383
32762382
32762381
32762380
32762379
32762378
32762377
32762376
32762375
32762374
32762373
32762372
32762371
32762370
32762369
32762368
32762367
32762366
32762365
32762364
32762363
32762362
32762361
32762360
32762359
32762358
32762357
32762356
32762355
32762354
32762353
32762352
32762351
32762350
32762349
32762348
32762347
32762346
32762345
32762344
32762343
32762342
32762341
32762340
32762339
32762338
32762337
32762336
32762335
32762334
32762333
32762332
32762331
32762330
32762329
32762328
32762327
32762326
32762325
32762324
32762323
32762322
32762321
32762320
32762319
32762318
32762317
32762316
32762315
32762314
32762313
32762312
32762311
32762310
32762309
32762308
32762307
32762306
32762305
32762304
32762303
32762302
32762301
32762300
32762299
32762298
32762297
32762296
32762295
32762294
32762293
32762292
32762291
32762290
32762289
32762288
32762287
32762286
32762285
32762284
32762283
32762282
32762281
32762280
32762279
32762278
32762277
32762276
32762275
32762274
32762273
32762272
32762271
32762270
32762269
32762268
32762267
32762266
32762265
32762264
32762263
32762262
32762261
32762260
32762259
32762258
32762257
32762256
32762255
32762254
32762253
32762252
32762251
32762250
32762249
32762248
32762247
32762246
32762245
32762244
32762243
32762242
32762241
32762240
32762239
32762238
32762237
32762236
32762235
32762234
32762233
32762232
32762231
32762230
32762229
32762228
32762227
32762226
32762225
32762224
32762223
32762222
32762221
32762220
32762219
32762218
32762217
32762216
32762215
32762214
32762213
32762212
32762211
32762210
32762209
32762208
32762207
32762206
32762205
32762204
32762203
32762202
32762201
32762200
32762199
32762198
32762197
32762196
32762195
32762194
32762193
32762192
32762191
32762190
32762189
32762188
32762187
32762186
32762185
32762184
32762183
32762182
32762181
32762180
32762179
32762178
32762177
32762176
32762175
32762174
32762173
32762172
32762171
32762170
32762169
32762168
32762167
32762166
32762165
32762164
32762163
32762162
32762161
32762160
32762159
32762158
32762157
32762156
32762155
32762154
32762153
32762152
32762151
32762150
32762149
32762148
32762147
32762146
32762145
32762144
32762143
32762142
32762141
32762140
32762139
32762138
32762137
32762136
32762135
32762134
32762133
32762132
32762131
32762130
32762129
32762128
32762127
32762126
32762125
32762124
32762123
32762122
32762121
32762120
32762119
32762118
32762117
32762116
32762115
32762114
32762113
32762112
32762111
32762110
32762109
32762108
32762107
32762106
32762105
32762104
32762103
32762102
32762101
32762100
32762099
32762098
32762097
32762096
32762095
32762094
32762093
32762092
32762091
32762090
32762089
32762088
32762087
32762086
32762085
32762084
32762083
32762082
32762081
32762080
32762079
32762078
32762077
32762076
32762075
32762074
32762073
32762072
32762071
32762070
32762069
32762068
32762067
32762066
32762065
32762064
32762063
32762062
32762061
32762060
32762059
32762058
32762057
32762056
32762055
32762054
32762053
32762052
32762051
32762050
32762049
32762048
32762047
32762046
32762045
32762044
32762043
32762042
32762041
32762040
32762039
32762038
32762037
32762036
32762035
32762034
32762033
32762032
32762031
32762030
32762029
32762028
32762027
32762026
32762025
32762024
32762023
32762022
32762021
32762020
32762019
32762018
32762017
32762016
32762015
32762014
32762013
32762012
32762011
32762010
32762009
32762008
32762007
32762006
32762005
32762004
32762003
32762002
32762001
32762000
32761999
32761998
32761997
32761996
32761995
32761994
32761993
32761992
32761991
32761990
32761989
32761988
32761987
32761986
32761985
32761984
32761983
32761982
32761981
32761980
32761979
32761978
32761977
32761976
32761975
32761974
32761973
32761972
32761971
32761970
32761969
32761968
32761967
32761966
32761965
32761964
32761963
32761962
32761961
32761960
32761959
32761958
32761957
32761956
32761955
32761954
32761953
32761952
32761951
32761950
32761949
32761948
32761947
32761946
32761945
32761944
32761943
32761942
32761941
32761940
32761939
32761938
32761937
32761936
32761935
32761934
32761933
32761932
32761931
32761930
32761929
32761928
32761927
32761926
32761925
32761924
32761923
32761922
32761921
32761920
32761919
32761918
32761917
32761916
32761915
32761914
32761913
32761912
32761911
32761910
32761909
32761908
32761907
32761906
32761905
32761904
32761903
32761902
32761901
32761900
32761899
32761898
32761897
32761896
32761895
32761894
32761893
32761892
32761891
32761890
32761889
32761888
32761887
32761886
32761885
32761884
32761883
32761882
32761881
32761880
32761879
32761878
32761877
32761876
32761875
32761874
32761873
32761872
32761871
32761870
32761869
32761868
32761867
32761866
32761865
32761864
32761863
32761862
32761861
32761860
32761859
32761858
32761857
32761856
32761855
32761854
32761853
32761852
32761851
32761850
32761849
32761848
32761847
32761846
32761845
32761844
32761843
32761842
32761841
32761840
32761839
32761838
32761837
32761836
32761835
32761834
32761833
32761832
32761831
32761830
32761829
32761828
32761827
32761826
32761825
32761824
32761823
32761822
32761821
32761820
32761819
32761818
32761817
32761816
32761815
32761814
32761813
32761812
32761811
32761810
32761809
32761808
32761807
32761806
32761805
32761804
32761803
32761802
32761801
32761800
32761799
32761798
32761797
32761796
32761795
32761794
32761793
32761792
32761791
32761790
32761789
32761788
32761787
32761786
32761785
32761784
32761783
32761782
32761781
32761780
32761779
32761778
32761777
32761776
32761775
32761774
32761773
32761772
32761771
32761770
32761769
32761768
32761767
32761766
32761765
32761764
32761763
32761762
32761761
32761760
32761759
32761758
32761757
32761756
32761755
32761754
32761753
32761752
32761751
32761750
32761749
32761748
32761747
32761746
32761745
32761744
32761743
32761742
32761741
32761740
32761739
32761738
32761737
32761736
32761735
32761734
32761733
32761732
32761731
32761730
32761729
32761728
32761727
32761726
32761725
32761724
32761723
32761722
32761721
32761720
32761719
32761718
32761717
32761716
32761715
32761714
32761713
32761712
32761711
32761710
32761709
32761708
32761707
32761706
32761705
32761704
32761703
32761702
32761701
32761700
32761699
32761698
32761697
32761696
32761695
32761694
32761693
32761692
32761691
32761690
32761689
32761688
32761687
32761686
32761685
32761684
32761683
32761682
32761681
32761680
32761679
32761678
32761677
32761676
32761675
32761674
32761673
32761672
32761671
32761670
32761669
32761668
32761667
32761666
32761665
32761664
32761663
32761662
32761661
32761660
32761659
32761658
32761657
32761656
32761655
32761654
32761653
32761652
32761651
32761650
32761649
32761648
32761647
32761646
32761645
32761644
32761643
32761642
32761641
32761640
32761639
32761638
32761637
32761636
32761635
32761634
32761633
32761632
32761631
32761630
32761629
32761628
32761627
32761626
32761625
32761624
32761623
32761622
32761621
32761620
32761619
32761618
32761617
32761616
32761615
32761614
32761613
32761612
32761611
32761610
32761609
32761608
32761607
32761606
32761605
32761604
32761603
32761602
32761601
32761600
32761599
32761598
32761597
32761596
32761595
32761594
32761593
32761592
32761591
32761590
32761589
32761588
32761587
32761586
32761585
32761584
32761583
32761582
32761581
32761580
32761579
32761578
32761577
32761576
32761575
32761574
32761573
32761572
32761571
32761570
32761569
32761568
32761567
32761566
32761565
32761564
32761563
32761562
32761561
32761560
32761559
32761558
32761557
32761556
32761555
32761554
32761553
32761552
32761551
32761550
32761549
32761548
32761547
32761546
32761545
32761544
32761543
32761542
32761541
32761540
32761539
32761538
32761537
32761536
32761535
32761534
32761533
32761532
32761531
32761530
32761529
32761528
32761527
32761526
32761525
32761524
32761523
32761522
32761521
32761520
32761519
32761518
32761517
32761516
32761515
32761514
32761513
32761512
32761511
32761510
32761509
32761508
32761507
32761506
32761505
32761504
32761503
32761502
32761501
32761500
32761499
32761498
32761497
32761496
32761495
32761494
32761493
32761492
32761491
32761490
32761489
32761488
32761487
32761486
32761485
32761484
32761483
32761482
32761481
32761480
32761479
32761478
32761477
32761476
32761475
32761474
32761473
32761472
32761471
32761470
32761469
32761468
32761467
32761466
32761465
32761464
32761463
32761462
32761461
32761460
32761459
32761458
32761457
32761456
32761455
32761454
32761453
32761452
32761451
32761450
32761449
32761448
32761447
32761446
32761445
32761444
32761443
32761442
32761441
32761440
32761439
32761438
32761437
32761436
32761435
32761434
32761433
32761432
32761431
32761430
32761429
32761428
32761427
32761426
32761425
32761424
32761423
32761422
32761421
32761420
32761419
32761418
32761417
32761416
32761415
32761414
32761413
32761412
32761411
32761410
32761409
32761408
32761407
32761406
32761405
32761404
32761403
32761402
32761401
32761400
32761399
32761398
32761397
32761396
32761395
32761394
32761393
32761392
32761391
32761390
32761389
32761388
32761387
32761386
32761385
32761384
32761383
32761382
32761381
32761380
32761379
32761378
32761377
32761376
32761375
32761374
32761373
32761372
32761371
32761370
32761369
32761368
32761367
32761366
32761365
32761364
32761363
32761362
32761361
32761360
32761359
32761358
32761357
32761356
32761355
32761354
32761353
32761352
32761351
32761350
32761349
32761348
32761347
32761346
32761345
32761344
32761343
32761342
32761341
32761340
32761339
32761338
32761337
32761336
32761335
32761334
32761333
32761332
32761331
32761330
32761329
32761328
32761327
32761326
32761325
32761324
32761323
32761322
32761321
32761320
32761319
32761318
32761317
32761316
32761315
32761314
32761313
32761312
32761311
32761310
32761309
32761308
32761307
32761306
32761305
32761304
32761303
32761302
32761301
32761300
32761299
32761298
32761297
32761296
32761295
32761294
32761293
32761292
32761291
32761290
32761289
32761288
32761287
32761286
32761285
32761284
32761283
32761282
32761281
32761280
32761279
32761278
32761277
32761276
32761275
32761274
32761273
32761272
32761271
32761270
32761269
32761268
32761267
32761266
32761265
32761264
32761263
32761262
32761261
32761260
32761259
32761258
32761257
32761256
32761255
32761254
32761253
32761252
32761251
32761250
32761249
32761248
32761247
32761246
32761245
32761244
32761243
32761242
32761241
32761240
32761239
32761238
32761237
32761236
32761235
32761234
32761233
32761232
32761231
32761230
32761229
32761228
32761227
32761226
32761225
32761224
32761223
32761222
32761221
32761220
32761219
32761218
32761217
32761216
32761215
32761214
32761213
32761212
32761211
32761210
32761209
32761208
32761207
32761206
32761205
32761204
32761203
32761202
32761201
32761200
32761199
32761198
32761197
32761196
32761195
32761194
32761193
32761192
32761191
32761190
32761189
32761188
32761187
32761186
32761185
32761184
32761183
32761182
32761181
32761180
32761179
32761178
32761177
32761176
32761175
32761174
32761173
32761172
32761171
32761170
32761169
32761168
32761167
32761166
32761165
32761164
32761163
32761162
32761161
32761160
32761159
32761158
32761157
32761156
32761155
32761154
32761153
32761152
32761151
32761150
32761149
32761148
32761147
32761146
32761145
32761144
32761143
32761142
32761141
32761140
32761139
32761138
32761137
32761136
32761135
32761134
32761133
32761132
32761131
32761130
32761129
32761128
32761127
32761126
32761125
32761124
32761123
32761122
32761121
32761120
32761119
32761118
32761117
32761116
32761115
32761114
32761113
32761112
32761111
32761110
32761109
32761108
32761107
32761106
32761105
32761104
32761103
32761102
32761101
32761100
32761099
32761098
32761097
32761096
32761095
32761094
32761093
32761092
32761091
32761090
32761089
32761088
32761087
32761086
32761085
32761084
32761083
32761082
32761081
32761080
32761079
32761078
32761077
32761076
32761075
32761074
32761073
32761072
32761071
32761070
32761069
32761068
32761067
32761066
32761065
32761064
32761063
32761062
32761061
32761060
32761059
32761058
32761057
32761056
32761055
32761054
32761053
32761052
32761051
32761050
32761049
32761048
32761047
32761046
32761045
32761044
32761043
32761042
32761041
32761040
32761039
32761038
32761037
32761036
32761035
32761034
32761033
32761032
32761031
32761030
32761029
32761028
32761027
32761026
32761025
32761024
32761023
32761022
32761021
32761020
32761019
32761018
32761017
32761016
32761015
32761014
32761013
32761012
32761011
32761010
32761009
32761008
32761007
32761006
32761005
32761004
32761003
32761002
32761001
32761000
32760999
32760998
32760997
32760996
32760995
32760994
32760993
32760992
32760991
32760990
32760989
32760988
32760987
32760986
32760985
32760984
32760983
32760982
32760981
32760980
32760979
32760978
32760977
32760976
32760975
32760974
32760973
32760972
32760971
32760970
32760969
32760968
32760967
32760966
32760965
32760964
32760963
32760962
32760961
32760960
32760959
32760958
32760957
32760956
32760955
32760954
32760953
32760952
32760951
32760950
32760949
32760948
32760947
32760946
32760945
32760944
32760943
32760942
32760941
32760940
32760939
32760938
32760937
32760936
32760935
32760934
32760933
32760932
32760931
32760930
32760929
32760928
32760927
32760926
32760925
32760924
32760923
32760922
32760921
32760920
32760919
32760918
32760917
32760916
32760915
32760914
32760913
32760912
32760911
32760910
32760909
32760908
32760907
32760906
32760905
32760904
32760903
32760902
32760901
32760900
32760899
32760898
32760897
32760896
32760895
32760894
32760893
32760892
32760891
32760890
32760889
32760888
32760887
32760886
32760885
32760884
32760883
32760882
32760881
32760880
32760879
32760878
32760877
32760876
32760875
32760874
32760873
32760872
32760871
32760870
32760869
32760868
32760867
32760866
32760865
32760864
32760863
32760862
32760861
32760860
32760859
32760858
32760857
32760856
32760855
32760854
32760853
32760852
32760851
32760850
32760849
32760848
32760847
32760846
32760845
32760844
32760843
32760842
32760841
32760840
32760839
32760838
32760837
32760836
32760835
32760834
32760833
32760832
32760831
32760830
32760829
32760828
32760827
32760826
32760825
32760824
32760823
32760822
32760821
32760820
32760819
32760818
32760817
32760816
32760815
32760814
32760813
32760812
32760811
32760810
32760809
32760808
32760807
32760806
32760805
32760804
32760803
32760802
32760801
32760800
32760799
32760798
32760797
32760796
32760795
32760794
32760793
32760792
32760791
32760790
32760789
32760788
32760787
32760786
32760785
32760784
32760783
32760782
32760781
32760780
32760779
32760778
32760777
32760776
32760775
32760774
32760773
32760772
32760771
32760770
32760769
32760768
32760767
32760766
32760765
32760764
32760763
32760762
32760761
32760760
32760759
32760758
32760757
32760756
32760755
32760754
32760753
32760752
32760751
32760750
32760749
32760748
32760747
32760746
32760745
32760744
32760743
32760742
32760741
32760740
32760739
32760738
32760737
32760736
32760735
32760734
32760733
32760732
32760731
32760730
32760729
32760728
32760727
32760726
32760725
32760724
32760723
32760722
32760721
32760720
32760719
32760718
32760717
32760716
32760715
32760714
32760713
32760712
32760711
32760710
32760709
32760708
32760707
32760706
32760705
32760704
32760703
32760702
32760701
32760700
32760699
32760698
32760697
32760696
32760695
32760694
32760693
32760692
32760691
32760690
32760689
32760688
32760687
32760686
32760685
32760684
32760683
32760682
32760681
32760680
32760679
32760678
32760677
32760676
32760675
32760674
32760673
32760672
32760671
32760670
32760669
32760668
32760667
32760666
32760665
32760664
32760663
32760662
32760661
32760660
32760659
32760658
32760657
32760656
32760655
32760654
32760653
32760652
32760651
32760650
32760649
32760648
32760647
32760646
32760645
32760644
32760643
32760642
32760641
32760640
32760639
32760638
32760637
32760636
32760635
32760634
32760633
32760632
32760631
32760630
32760629
32760628
32760627
32760626
32760625
32760624
32760623
32760622
32760621
32760620
32760619
32760618
32760617
32760616
32760615
32760614
32760613
32760612
32760611
32760610
32760609
32760608
32760607
32760606
32760605
32760604
32760603
32760602
32760601
32760600
32760599
32760598
32760597
32760596
32760595
32760594
32760593
32760592
32760591
32760590
32760589
32760588
32760587
32760586
32760585
32760584
32760583
32760582
32760581
32760580
32760579
32760578
32760577
32760576
32760575
32760574
32760573
32760572
32760571
32760570
32760569
32760568
32760567
32760566
32760565
32760564
32760563
32760562
32760561
32760560
32760559
32760558
32760557
32760556
32760555
32760554
32760553
32760552
32760551
32760550
32760549
32760548
32760547
32760546
32760545
32760544
32760543
32760542
32760541
32760540
32760539
32760538
32760537
32760536
32760535
32760534
32760533
32760532
32760531
32760530
32760529
32760528
32760527
32760526
32760525
32760524
32760523
32760522
32760521
32760520
32760519
32760518
32760517
32760516
32760515
32760514
32760513
32760512
32760511
32760510
32760509
32760508
32760507
32760506
32760505
32760504
32760503
32760502
32760501
32760500
32760499
32760498
32760497
32760496
32760495
32760494
32760493
32760492
32760491
32760490
32760489
32760488
32760487
32760486
32760485
32760484
32760483
32760482
32760481
32760480
32760479
32760478
32760477
32760476
32760475
32760474
32760473
32760472
32760471
32760470
32760469
32760468
32760467
32760466
32760465
32760464
32760463
32760462
32760461
32760460
32760459
32760458
32760457
32760456
32760455
32760454
32760453
32760452
32760451
32760450
32760449
32760448
32760447
32760446
32760445
32760444
32760443
32760442
32760441
32760440
32760439
32760438
32760437
32760436
32760435
32760434
32760433
32760432
32760431
32760430
32760429
32760428
32760427
32760426
32760425
32760424
32760423
32760422
32760421
32760420
32760419
32760418
32760417
32760416
32760415
32760414
32760413
32760412
32760411
32760410
32760409
32760408
32760407
32760406
32760405
32760404
32760403
32760402
32760401
32760400
32760399
32760398
32760397
32760396
32760395
32760394
32760393
32760392
32760391
32760390
32760389
32760388
32760387
32760386
32760385
32760384
32760383
32760382
32760381
32760380
32760379
32760378
32760377
32760376
32760375
32760374
32760373
32760372
32760371
32760370
32760369
32760368
32760367
32760366
32760365
32760364
32760363
32760362
32760361
32760360
32760359
32760358
32760357
32760356
32760355
32760354
32760353
32760352
32760351
32760350
32760349
32760348
32760347
32760346
32760345
32760344
32760343
32760342
32760341
32760340
32760339
32760338
32760337
32760336
32760335
32760334
32760333
32760332
32760331
32760330
32760329
32760328
32760327
32760326
32760325
32760324
32760323
32760322
32760321
32760320
32760319
32760318
32760317
32760316
32760315
32760314
32760313
32760312
32760311
32760310
32760309
32760308
32760307
32760306
32760305
32760304
32760303
32760302
32760301
32760300
32760299
32760298
32760297
32760296
32760295
32760294
32760293
32760292
32760291
32760290
32760289
32760288
32760287
32760286
32760285
32760284
32760283
32760282
32760281
32760280
32760279
32760278
32760277
32760276
32760275
32760274
32760273
32760272
32760271
32760270
32760269
32760268
32760267
32760266
32760265
32760264
32760263
32760262
32760261
32760260
32760259
32760258
32760257
32760256
32760255
32760254
32760253
32760252
32760251
32760250
32760249
32760248
32760247
32760246
32760245
32760244
32760243
32760242
32760241
32760240
32760239
32760238
32760237
32760236
32760235
32760234
32760233
32760232
32760231
32760230
32760229
32760228
32760227
32760226
32760225
32760224
32760223
32760222
32760221
32760220
32760219
32760218
32760217
32760216
32760215
32760214
32760213
32760212
32760211
32760210
32760209
32760208
32760207
32760206
32760205
32760204
32760203
32760202
32760201
32760200
32760199
32760198
32760197
32760196
32760195
32760194
32760193
32760192
32760191
32760190
32760189
32760188
32760187
32760186
32760185
32760184
32760183
32760182
32760181
32760180
32760179
32760178
32760177
32760176
32760175
32760174
32760173
32760172
32760171
32760170
32760169
32760168
32760167
32760166
32760165
32760164
32760163
32760162
32760161
32760160
32760159
32760158
32760157
32760156
32760155
32760154
32760153
32760152
32760151
32760150
32760149
32760148
32760147
32760146
32760145
32760144
32760143
32760142
32760141
32760140
32760139
32760138
32760137
32760136
32760135
32760134
32760133
32760132
32760131
32760130
32760129
32760128
32760127
32760126
32760125
32760124
32760123
32760122
32760121
32760120
32760119
32760118
32760117
32760116
32760115
32760114
32760113
32760112
32760111
32760110
32760109
32760108
32760107
32760106
32760105
32760104
32760103
32760102
32760101
32760100
32760099
32760098
32760097
32760096
32760095
32760094
32760093
32760092
32760091
32760090
32760089
32760088
32760087
32760086
32760085
32760084
32760083
32760082
32760081
32760080
32760079
32760078
32760077
32760076
32760075
32760074
32760073
32760072
32760071
32760070
32760069
32760068
32760067
32760066
32760065
32760064
32760063
32760062
32760061
32760060
32760059
32760058
32760057
32760056
32760055
32760054
32760053
32760052
32760051
32760050
32760049
32760048
32760047
32760046
32760045
32760044
32760043
32760042
32760041
32760040
32760039
32760038
32760037
32760036
32760035
32760034
32760033
32760032
32760031
32760030
32760029
32760028
32760027
32760026
32760025
32760024
32760023
32760022
32760021
32760020
32760019
32760018
32760017
32760016
32760015
32760014
32760013
32760012
32760011
32760010
32760009
32760008
32760007
32760006
32760005
32760004
32760003
32760002
32760001
32760000
32759999
32759998
32759997
32759996
32759995
32759994
32759993
32759992
32759991
32759990
32759989
32759988
32759987
32759986
32759985
32759984
32759983
32759982
32759981
32759980
32759979
32759978
32759977
32759976
32759975
32759974
32759973
32759972
32759971
32759970
32759969
32759968
32759967
32759966
32759965
32759964
32759963
32759962
32759961
32759960
32759959
32759958
32759957
32759956
32759955
32759954
32759953
32759952
32759951
32759950
32759949
32759948
32759947
32759946
32759945
32759944
32759943
32759942
32759941
32759940
32759939
32759938
32759937
32759936
32759935
32759934
32759933
32759932
32759931
32759930
32759929
32759928
32759927
32759926
32759925
32759924
32759923
32759922
32759921
32759920
32759919
32759918
32759917
32759916
32759915
32759914
32759913
32759912
32759911
32759910
32759909
32759908
32759907
32759906
32759905
32759904
32759903
32759902
32759901
32759900
32759899
32759898
32759897
32759896
32759895
32759894
32759893
32759892
32759891
32759890
32759889
32759888
32759887
32759886
32759885
32759884
32759883
32759882
32759881
32759880
32759879
32759878
32759877
32759876
32759875
32759874
32759873
32759872
32759871
32759870
32759869
32759868
32759867
32759866
32759865
32759864
32759863
32759862
32759861
32759860
32759859
32759858
32759857
32759856
32759855
32759854
32759853
32759852
32759851
32759850
32759849
32759848
32759847
32759846
32759845
32759844
32759843
32759842
32759841
32759840
32759839
32759838
32759837
32759836
32759835
32759834
32759833
32759832
32759831
32759830
32759829
32759828
32759827
32759826
32759825
32759824
32759823
32759822
32759821
32759820
32759819
32759818
32759817
32759816
32759815
32759814
32759813
32759812
32759811
32759810
32759809
32759808
32759807
32759806
32759805
32759804
32759803
32759802
32759801
32759800
32759799
32759798
32759797
32759796
32759795
32759794
32759793
32759792
32759791
32759790
32759789
32759788
32759787
32759786
32759785
32759784
32759783
32759782
32759781
32759780
32759779
32759778
32759777
32759776
32759775
32759774
32759773
32759772
32759771
32759770
32759769
32759768
32759767
32759766
32759765
32759764
32759763
32759762
32759761
32759760
32759759
32759758
32759757
32759756
32759755
32759754
32759753
32759752
32759751
32759750
32759749
32759748
32759747
32759746
32759745
32759744
32759743
32759742
32759741
32759740
32759739
32759738
32759737
32759736
32759735
32759734
32759733
32759732
32759731
32759730
32759729
32759728
32759727
32759726
32759725
32759724
32759723
32759722
32759721
32759720
32759719
32759718
32759717
32759716
32759715
32759714
32759713
32759712
32759711
32759710
32759709
32759708
32759707
32759706
32759705
32759704
32759703
32759702
32759701
32759700
32759699
32759698
32759697
32759696
32759695
32759694
32759693
32759692
32759691
32759690
32759689
32759688
32759687
32759686
32759685
32759684
32759683
32759682
32759681
32759680
32759679
32759678
32759677
32759676
32759675
32759674
32759673
32759672
32759671
32759670
32759669
32759668
32759667
32759666
32759665
32759664
32759663
32759662
32759661
32759660
32759659
32759658
32759657
32759656
32759655
32759654
32759653
32759652
32759651
32759650
32759649
32759648
32759647
32759646
32759645
32759644
32759643
32759642
32759641
32759640
32759639
32759638
32759637
32759636
32759635
32759634
32759633
32759632
32759631
32759630
32759629
32759628
32759627
32759626
32759625
32759624
32759623
32759622
32759621
32759620
32759619
32759618
32759617
32759616
32759615
32759614
32759613
32759612
32759611
32759610
32759609
32759608
32759607
32759606
32759605
32759604
32759603
32759602
32759601
32759600
32759599
32759598
32759597
32759596
32759595
32759594
32759593
32759592
32759591
32759590
32759589
32759588
32759587
32759586
32759585
32759584
32759583
32759582
32759581
32759580
32759579
32759578
32759577
32759576
32759575
32759574
32759573
32759572
32759571
32759570
32759569
32759568
32759567
32759566
32759565
32759564
32759563
32759562
32759561
32759560
32759559
32759558
32759557
32759556
32759555
32759554
32759553
32759552
32759551
32759550
32759549
32759548
32759547
32759546
32759545
32759544
32759543
32759542
32759541
32759540
32759539
32759538
32759537
32759536
32759535
32759534
32759533
32759532
32759531
32759530
32759529
32759528
32759527
32759526
32759525
32759524
32759523
32759522
32759521
32759520
32759519
32759518
32759517
32759516
32759515
32759514
32759513
32759512
32759511
32759510
32759509
32759508
32759507
32759506
32759505
32759504
32759503
32759502
32759501
32759500
32759499
32759498
32759497
32759496
32759495
32759494
32759493
32759492
32759491
32759490
32759489
32759488
32759487
32759486
32759485
32759484
32759483
32759482
32759481
32759480
32759479
32759478
32759477
32759476
32759475
32759474
32759473
32759472
32759471
32759470
32759469
32759468
32759467
32759466
32759465
32759464
32759463
32759462
32759461
32759460
32759459
32759458
32759457
32759456
32759455
32759454
32759453
32759452
32759451
32759450
32759449
32759448
32759447
32759446
32759445
32759444
32759443
32759442
32759441
32759440
32759439
32759438
32759437
32759436
32759435
32759434
32759433
32759432
32759431
32759430
32759429
32759428
32759427
32759426
32759425
32759424
32759423
32759422
32759421
32759420
32759419
32759418
32759417
32759416
32759415
32759414
32759413
32759412
32759411
32759410
32759409
32759408
32759407
32759406
32759405
32759404
32759403
32759402
32759401
32759400
32759399
32759398
32759397
32759396
32759395
32759394
32759393
32759392
32759391
32759390
32759389
32759388
32759387
32759386
32759385
32759384
32759383
32759382
32759381
32759380
32759379
32759378
32759377
32759376
32759375
32759374
32759373
32759372
32759371
32759370
32759369
32759368
32759367
32759366
32759365
32759364
32759363
32759362
32759361
32759360
32759359
32759358
32759357
32759356
32759355
32759354
32759353
32759352
32759351
32759350
32759349
32759348
32759347
32759346
32759345
32759344
32759343
32759342
32759341
32759340
32759339
32759338
32759337
32759336
32759335
32759334
32759333
32759332
32759331
32759330
32759329
32759328
32759327
32759326
32759325
32759324
32759323
32759322
32759321
32759320
32759319
32759318
32759317
32759316
32759315
32759314
32759313
32759312
32759311
32759310
32759309
32759308
32759307
32759306
32759305
32759304
32759303
32759302
32759301
32759300
32759299
32759298
32759297
32759296
32759295
32759294
32759293
32759292
32759291
32759290
32759289
32759288
32759287
32759286
32759285
32759284
32759283
32759282
32759281
32759280
32759279
32759278
32759277
32759276
32759275
32759274
32759273
32759272
32759271
32759270
32759269
32759268
32759267
32759266
32759265
32759264
32759263
32759262
32759261
32759260
32759259
32759258
32759257
32759256
32759255
32759254
32759253
32759252
32759251
32759250
32759249
32759248
32759247
32759246
32759245
32759244
32759243
32759242
32759241
32759240
32759239
32759238
32759237
32759236
32759235
32759234
32759233
32759232
32759231
32759230
32759229
32759228
32759227
32759226
32759225
32759224
32759223
32759222
32759221
32759220
32759219
32759218
32759217
32759216
32759215
32759214
32759213
32759212
32759211
32759210
32759209
32759208
32759207
32759206
32759205
32759204
32759203
32759202
32759201
32759200
32759199
32759198
32759197
32759196
32759195
32759194
32759193
32759192
32759191
32759190
32759189
32759188
32759187
32759186
32759185
32759184
32759183
32759182
32759181
32759180
32759179
32759178
32759177
32759176
32759175
32759174
32759173
32759172
32759171
32759170
32759169
32759168
32759167
32759166
32759165
32759164
32759163
32759162
32759161
32759160
32759159
32759158
32759157
32759156
32759155
32759154
32759153
32759152
32759151
32759150
32759149
32759148
32759147
32759146
32759145
32759144
32759143
32759142
32759141
32759140
32759139
32759138
32759137
32759136
32759135
32759134
32759133
32759132
32759131
32759130
32759129
32759128
32759127
32759126
32759125
32759124
32759123
32759122
32759121
32759120
32759119
32759118
32759117
32759116
32759115
32759114
32759113
32759112
32759111
32759110
32759109
32759108
32759107
32759106
32759105
32759104
32759103
32759102
32759101
32759100
32759099
32759098
32759097
32759096
32759095
32759094
32759093
32759092
32759091
32759090
32759089
32759088
32759087
32759086
32759085
32759084
32759083
32759082
32759081
32759080
32759079
32759078
32759077
32759076
32759075
32759074
32759073
32759072
32759071
32759070
32759069
32759068
32759067
32759066
32759065
32759064
32759063
32759062
32759061
32759060
32759059
32759058
32759057
32759056
32759055
32759054
32759053
32759052
32759051
32759050
32759049
32759048
32759047
32759046
32759045
32759044
32759043
32759042
32759041
32759040
32759039
32759038
32759037
32759036
32759035
32759034
32759033
32759032
32759031
32759030
32759029
32759028
32759027
32759026
32759025
32759024
32759023
32759022
32759021
32759020
32759019
32759018
32759017
32759016
32759015
32759014
32759013
32759012
32759011
32759010
32759009
32759008
32759007
32759006
32759005
32759004
32759003
32759002
32759001
32759000
32758999
32758998
32758997
32758996
32758995
32758994
32758993
32758992
32758991
32758990
32758989
32758988
32758987
32758986
32758985
32758984
32758983
32758982
32758981
32758980
32758979
32758978
32758977
32758976
32758975
32758974
32758973
32758972
32758971
32758970
32758969
32758968
32758967
32758966
32758965
32758964
32758963
32758962
32758961
32758960
32758959
32758958
32758957
32758956
32758955
32758954
32758953
32758952
32758951
32758950
32758949
32758948
32758947
32758946
32758945
32758944
32758943
32758942
32758941
32758940
32758939
32758938
32758937
32758936
32758935
32758934
32758933
32758932
32758931
32758930
32758929
32758928
32758927
32758926
32758925
32758924
32758923
32758922
32758921
32758920
32758919
32758918
32758917
32758916
32758915
32758914
32758913
32758912
32758911
32758910
32758909
32758908
32758907
32758906
32758905
32758904
32758903
32758902
32758901
32758900
32758899
32758898
32758897
32758896
32758895
32758894
32758893
32758892
32758891
32758890
32758889
32758888
32758887
32758886
32758885
32758884
32758883
32758882
32758881
32758880
32758879
32758878
32758877
32758876
32758875
32758874
32758873
32758872
32758871
32758870
32758869
32758868
32758867
32758866
32758865
32758864
32758863
32758862
32758861
32758860
32758859
32758858
32758857
32758856
32758855
32758854
32758853
32758852
32758851
32758850
32758849
32758848
32758847
32758846
32758845
32758844
32758843
32758842
32758841
32758840
32758839
32758838
32758837
32758836
32758835
32758834
32758833
32758832
32758831
32758830
32758829
32758828
32758827
32758826
32758825
32758824
32758823
32758822
32758821
32758820
32758819
32758818
32758817
32758816
32758815
32758814
32758813
32758812
32758811
32758810
32758809
32758808
32758807
32758806
32758805
32758804
32758803
32758802
32758801
32758800
32758799
32758798
32758797
32758796
32758795
32758794
32758793
32758792
32758791
32758790
32758789
32758788
32758787
32758786
32758785
32758784
32758783
32758782
32758781
32758780
32758779
32758778
32758777
32758776
32758775
32758774
32758773
32758772
32758771
32758770
32758769
32758768
32758767
32758766
32758765
32758764
32758763
32758762
32758761
32758760
32758759
32758758
32758757
32758756
32758755
32758754
32758753
32758752
32758751
32758750
32758749
32758748
32758747
32758746
32758745
32758744
32758743
32758742
32758741
32758740
32758739
32758738
32758737
32758736
32758735
32758734
32758733
32758732
32758731
32758730
32758729
32758728
32758727
32758726
32758725
32758724
32758723
32758722
32758721
32758720
32758719
32758718
32758717
32758716
32758715
32758714
32758713
32758712
32758711
32758710
32758709
32758708
32758707
32758706
32758705
32758704
32758703
32758702
32758701
32758700
32758699
32758698
32758697
32758696
32758695
32758694
32758693
32758692
32758691
32758690
32758689
32758688
32758687
32758686
32758685
32758684
32758683
32758682
32758681
32758680
32758679
32758678
32758677
32758676
32758675
32758674
32758673
32758672
32758671
32758670
32758669
32758668
32758667
32758666
32758665
32758664
32758663
32758662
32758661
32758660
32758659
32758658
32758657
32758656
32758655
32758654
32758653
32758652
32758651
32758650
32758649
32758648
32758647
32758646
32758645
32758644
32758643
32758642
32758641
32758640
32758639
32758638
32758637
32758636
32758635
32758634
32758633
32758632
32758631
32758630
32758629
32758628
32758627
32758626
32758625
32758624
32758623
32758622
32758621
32758620
32758619
32758618
32758617
32758616
32758615
32758614
32758613
32758612
32758611
32758610
32758609
32758608
32758607
32758606
32758605
32758604
32758603
32758602
32758601
32758600
32758599
32758598
32758597
32758596
32758595
32758594
32758593
32758592
32758591
32758590
32758589
32758588
32758587
32758586
32758585
32758584
32758583
32758582
32758581
32758580
32758579
32758578
32758577
32758576
32758575
32758574
32758573
32758572
32758571
32758570
32758569
32758568
32758567
32758566
32758565
32758564
32758563
32758562
32758561
32758560
32758559
32758558
32758557
32758556
32758555
32758554
32758553
32758552
32758551
32758550
32758549
32758548
32758547
32758546
32758545
32758544
32758543
32758542
32758541
32758540
32758539
32758538
32758537
32758536
32758535
32758534
32758533
32758532
32758531
32758530
32758529
32758528
32758527
32758526
32758525
32758524
32758523
32758522
32758521
32758520
32758519
32758518
32758517
32758516
32758515
32758514
32758513
32758512
32758511
32758510
32758509
32758508
32758507
32758506
32758505
32758504
32758503
32758502
32758501
32758500
32758499
32758498
32758497
32758496
32758495
32758494
32758493
32758492
32758491
32758490
32758489
32758488
32758487
32758486
32758485
32758484
32758483
32758482
32758481
32758480
32758479
32758478
32758477
32758476
32758475
32758474
32758473
32758472
32758471
32758470
32758469
32758468
32758467
32758466
32758465
32758464
32758463
32758462
32758461
32758460
32758459
32758458
32758457
32758456
32758455
32758454
32758453
32758452
32758451
32758450
32758449
32758448
32758447
32758446
32758445
32758444
32758443
32758442
32758441
32758440
32758439
32758438
32758437
32758436
32758435
32758434
32758433
32758432
32758431
32758430
32758429
32758428
32758427
32758426
32758425
32758424
32758423
32758422
32758421
32758420
32758419
32758418
32758417
32758416
32758415
32758414
32758413
32758412
32758411
32758410
32758409
32758408
32758407
32758406
32758405
32758404
32758403
32758402
32758401
32758400
32758399
32758398
32758397
32758396
32758395
32758394
32758393
32758392
32758391
32758390
32758389
32758388
32758387
32758386
32758385
32758384
32758383
32758382
32758381
32758380
32758379
32758378
32758377
32758376
32758375
32758374
32758373
32758372
32758371
32758370
32758369
32758368
32758367
32758366
32758365
32758364
32758363
32758362
32758361
32758360
32758359
32758358
32758357
32758356
32758355
32758354
32758353
32758352
32758351
32758350
32758349
32758348
32758347
32758346
32758345
32758344
32758343
32758342
32758341
32758340
32758339
32758338
32758337
32758336
32758335
32758334
32758333
32758332
32758331
32758330
32758329
32758328
32758327
32758326
32758325
32758324
32758323
32758322
32758321
32758320
32758319
32758318
32758317
32758316
32758315
32758314
32758313
32758312
32758311
32758310
32758309
32758308
32758307
32758306
32758305
32758304
32758303
32758302
32758301
32758300
32758299
32758298
32758297
32758296
32758295
32758294
32758293
32758292
32758291
32758290
32758289
32758288
32758287
32758286
32758285
32758284
32758283
32758282
32758281
32758280
32758279
32758278
32758277
32758276
32758275
32758274
32758273
32758272
32758271
32758270
32758269
32758268
32758267
32758266
32758265
32758264
32758263
32758262
32758261
32758260
32758259
32758258
32758257
32758256
32758255
32758254
32758253
32758252
32758251
32758250
32758249
32758248
32758247
32758246
32758245
32758244
32758243
32758242
32758241
32758240
32758239
32758238
32758237
32758236
32758235
32758234
32758233
32758232
32758231
32758230
32758229
32758228
32758227
32758226
32758225
32758224
32758223
32758222
32758221
32758220
32758219
32758218
32758217
32758216
32758215
32758214
32758213
32758212
32758211
32758210
32758209
32758208
32758207
32758206
32758205
32758204
32758203
32758202
32758201
32758200
32758199
32758198
32758197
32758196
32758195
32758194
32758193
32758192
32758191
32758190
32758189
32758188
32758187
32758186
32758185
32758184
32758183
32758182
32758181
32758180
32758179
32758178
32758177
32758176
32758175
32758174
32758173
32758172
32758171
32758170
32758169
32758168
32758167
32758166
32758165
32758164
32758163
32758162
32758161
32758160
32758159
32758158
32758157
32758156
32758155
32758154
32758153
32758152
32758151
32758150
32758149
32758148
32758147
32758146
32758145
32758144
32758143
32758142
32758141
32758140
32758139
32758138
32758137
32758136
32758135
32758134
32758133
32758132
32758131
32758130
32758129
32758128
32758127
32758126
32758125
32758124
32758123
32758122
32758121
32758120
32758119
32758118
32758117
32758116
32758115
32758114
32758113
32758112
32758111
32758110
32758109
32758108
32758107
32758106
32758105
32758104
32758103
32758102
32758101
32758100
32758099
32758098
32758097
32758096
32758095
32758094
32758093
32758092
32758091
32758090
32758089
32758088
32758087
32758086
32758085
32758084
32758083
32758082
32758081
32758080
32758079
32758078
32758077
32758076
32758075
32758074
32758073
32758072
32758071
32758070
32758069
32758068
32758067
32758066
32758065
32758064
32758063
32758062
32758061
32758060
32758059
32758058
32758057
32758056
32758055
32758054
32758053
32758052
32758051
32758050
32758049
32758048
32758047
32758046
32758045
32758044
32758043
32758042
32758041
32758040
32758039
32758038
32758037
32758036
32758035
32758034
32758033
32758032
32758031
32758030
32758029
32758028
32758027
32758026
32758025
32758024
32758023
32758022
32758021
32758020
32758019
32758018
32758017
32758016
32758015
32758014
32758013
32758012
32758011
32758010
32758009
32758008
32758007
32758006
32758005
32758004
32758003
32758002
32758001
32758000
32757999
32757998
32757997
32757996
32757995
32757994
32757993
32757992
32757991
32757990
32757989
32757988
32757987
32757986
32757985
32757984
32757983
32757982
32757981
32757980
32757979
32757978
32757977
32757976
32757975
32757974
32757973
32757972
32757971
32757970
32757969
32757968
32757967
32757966
32757965
32757964
32757963
32757962
32757961
32757960
32757959
32757958
32757957
32757956
32757955
32757954
32757953
32757952
32757951
32757950
32757949
32757948
32757947
32757946
32757945
32757944
32757943
32757942
32757941
32757940
32757939
32757938
32757937
32757936
32757935
32757934
32757933
32757932
32757931
32757930
32757929
32757928
32757927
32757926
32757925
32757924
32757923
32757922
32757921
32757920
32757919
32757918
32757917
32757916
32757915
32757914
32757913
32757912
32757911
32757910
32757909
32757908
32757907
32757906
32757905
32757904
32757903
32757902
32757901
32757900
32757899
32757898
32757897
32757896
32757895
32757894
32757893
32757892
32757891
32757890
32757889
32757888
32757887
32757886
32757885
32757884
32757883
32757882
32757881
32757880
32757879
32757878
32757877
32757876
32757875
32757874
32757873
32757872
32757871
32757870
32757869
32757868
32757867
32757866
32757865
32757864
32757863
32757862
32757861
32757860
32757859
32757858
32757857
32757856
32757855
32757854
32757853
32757852
32757851
32757850
32757849
32757848
32757847
32757846
32757845
32757844
32757843
32757842
32757841
32757840
32757839
32757838
32757837
32757836
32757835
32757834
32757833
32757832
32757831
32757830
32757829
32757828
32757827
32757826
32757825
32757824
32757823
32757822
32757821
32757820
32757819
32757818
32757817
32757816
32757815
32757814
32757813
32757812
32757811
32757810
32757809
32757808
32757807
32757806
32757805
32757804
32757803
32757802
32757801
32757800
32757799
32757798
32757797
32757796
32757795
32757794
32757793
32757792
32757791
32757790
32757789
32757788
32757787
32757786
32757785
32757784
32757783
32757782
32757781
32757780
32757779
32757778
32757777
32757776
32757775
32757774
32757773
32757772
32757771
32757770
32757769
32757768
32757767
32757766
32757765
32757764
32757763
32757762
32757761
32757760
32757759
32757758
32757757
32757756
32757755
32757754
32757753
32757752
32757751
32757750
32757749
32757748
32757747
32757746
32757745
32757744
32757743
32757742
32757741
32757740
32757739
32757738
32757737
32757736
32757735
32757734
32757733
32757732
32757731
32757730
32757729
32757728
32757727
32757726
32757725
32757724
32757723
32757722
32757721
32757720
32757719
32757718
32757717
32757716
32757715
32757714
32757713
32757712
32757711
32757710
32757709
32757708
32757707
32757706
32757705
32757704
32757703
32757702
32757701
32757700
32757699
32757698
32757697
32757696
32757695
32757694
32757693
32757692
32757691
32757690
32757689
32757688
32757687
32757686
32757685
32757684
32757683
32757682
32757681
32757680
32757679
32757678
32757677
32757676
32757675
32757674
32757673
32757672
32757671
32757670
32757669
32757668
32757667
32757666
32757665
32757664
32757663
32757662
32757661
32757660
32757659
32757658
32757657
32757656
32757655
32757654
32757653
32757652
32757651
32757650
32757649
32757648
32757647
32757646
32757645
32757644
32757643
32757642
32757641
32757640
32757639
32757638
32757637
32757636
32757635
32757634
32757633
32757632
32757631
32757630
32757629
32757628
32757627
32757626
32757625
32757624
32757623
32757622
32757621
32757620
32757619
32757618
32757617
32757616
32757615
32757614
32757613
32757612
32757611
32757610
32757609
32757608
32757607
32757606
32757605
32757604
32757603
32757602
32757601
32757600
32757599
32757598
32757597
32757596
32757595
32757594
32757593
32757592
32757591
32757590
32757589
32757588
32757587
32757586
32757585
32757584
32757583
32757582
32757581
32757580
32757579
32757578
32757577
32757576
32757575
32757574
32757573
32757572
32757571
32757570
32757569
32757568
32757567
32757566
32757565
32757564
32757563
32757562
32757561
32757560
32757559
32757558
32757557
32757556
32757555
32757554
32757553
32757552
32757551
32757550
32757549
32757548
32757547
32757546
32757545
32757544
32757543
32757542
32757541
32757540
32757539
32757538
32757537
32757536
32757535
32757534
32757533
32757532
32757531
32757530
32757529
32757528
32757527
32757526
32757525
32757524
32757523
32757522
32757521
32757520
32757519
32757518
32757517
32757516
32757515
32757514
32757513
32757512
32757511
32757510
32757509
32757508
32757507
32757506
32757505
32757504
32757503
32757502
32757501
32757500
32757499
32757498
32757497
32757496
32757495
32757494
32757493
32757492
32757491
32757490
32757489
32757488
32757487
32757486
32757485
32757484
32757483
32757482
32757481
32757480
32757479
32757478
32757477
32757476
32757475
32757474
32757473
32757472
32757471
32757470
32757469
32757468
32757467
32757466
32757465
32757464
32757463
32757462
32757461
32757460
32757459
32757458
32757457
32757456
32757455
32757454
32757453
32757452
32757451
32757450
32757449
32757448
32757447
32757446
32757445
32757444
32757443
32757442
32757441
32757440
32757439
32757438
32757437
32757436
32757435
32757434
32757433
32757432
32757431
32757430
32757429
32757428
32757427
32757426
32757425
32757424
32757423
32757422
32757421
32757420
32757419
32757418
32757417
32757416
32757415
32757414
32757413
32757412
32757411
32757410
32757409
32757408
32757407
32757406
32757405
32757404
32757403
32757402
32757401
32757400
32757399
32757398
32757397
32757396
32757395
32757394
32757393
32757392
32757391
32757390
32757389
32757388
32757387
32757386
32757385
32757384
32757383
32757382
32757381
32757380
32757379
32757378
32757377
32757376
32757375
32757374
32757373
32757372
32757371
32757370
32757369
32757368
32757367
32757366
32757365
32757364
32757363
32757362
32757361
32757360
32757359
32757358
32757357
32757356
32757355
32757354
32757353
32757352
32757351
32757350
32757349
32757348
32757347
32757346
32757345
32757344
32757343
32757342
32757341
32757340
32757339
32757338
32757337
32757336
32757335
32757334
32757333
32757332
32757331
32757330
32757329
32757328
32757327
32757326
32757325
32757324
32757323
32757322
32757321
32757320
32757319
32757318
32757317
32757316
32757315
32757314
32757313
32757312
32757311
32757310
32757309
32757308
32757307
32757306
32757305
32757304
32757303
32757302
32757301
32757300
32757299
32757298
32757297
32757296
32757295
32757294
32757293
32757292
32757291
32757290
32757289
32757288
32757287
32757286
32757285
32757284
32757283
32757282
32757281
32757280
32757279
32757278
32757277
32757276
32757275
32757274
32757273
32757272
32757271
32757270
32757269
32757268
32757267
32757266
32757265
32757264
32757263
32757262
32757261
32757260
32757259
32757258
32757257
32757256
32757255
32757254
32757253
32757252
32757251
32757250
32757249
32757248
32757247
32757246
32757245
32757244
32757243
32757242
32757241
32757240
32757239
32757238
32757237
32757236
32757235
32757234
32757233
32757232
32757231
32757230
32757229
32757228
32757227
32757226
32757225
32757224
32757223
32757222
32757221
32757220
32757219
32757218
32757217
32757216
32757215
32757214
32757213
32757212
32757211
32757210
32757209
32757208
32757207
32757206
32757205
32757204
32757203
32757202
32757201
32757200
32757199
32757198
32757197
32757196
32757195
32757194
32757193
32757192
32757191
32757190
32757189
32757188
32757187
32757186
32757185
32757184
32757183
32757182
32757181
32757180
32757179
32757178
32757177
32757176
32757175
32757174
32757173
32757172
32757171
32757170
32757169
32757168
32757167
32757166
32757165
32757164
32757163
32757162
32757161
32757160
32757159
32757158
32757157
32757156
32757155
32757154
32757153
32757152
32757151
32757150
32757149
32757148
32757147
32757146
32757145
32757144
32757143
32757142
32757141
32757140
32757139
32757138
32757137
32757136
32757135
32757134
32757133
32757132
32757131
32757130
32757129
32757128
32757127
32757126
32757125
32757124
32757123
32757122
32757121
32757120
32757119
32757118
32757117
32757116
32757115
32757114
32757113
32757112
32757111
32757110
32757109
32757108
32757107
32757106
32757105
32757104
32757103
32757102
32757101
32757100
32757099
32757098
32757097
32757096
32757095
32757094
32757093
32757092
32757091
32757090
32757089
32757088
32757087
32757086
32757085
32757084
32757083
32757082
32757081
32757080
32757079
32757078
32757077
32757076
32757075
32757074
32757073
32757072
32757071
32757070
32757069
32757068
32757067
32757066
32757065
32757064
32757063
32757062
32757061
32757060
32757059
32757058
32757057
32757056
32757055
32757054
32757053
32757052
32757051
32757050
32757049
32757048
32757047
32757046
32757045
32757044
32757043
32757042
32757041
32757040
32757039
32757038
32757037
32757036
32757035
32757034
32757033
32757032
32757031
32757030
32757029
32757028
32757027
32757026
32757025
32757024
32757023
32757022
32757021
32757020
32757019
32757018
32757017
32757016
32757015
32757014
32757013
32757012
32757011
32757010
32757009
32757008
32757007
32757006
32757005
32757004
32757003
32757002
32757001
32757000
32756999
32756998
32756997
32756996
32756995
32756994
32756993
32756992
32756991
32756990
32756989
32756988
32756987
32756986
32756985
32756984
32756983
32756982
32756981
32756980
32756979
32756978
32756977
32756976
32756975
32756974
32756973
32756972
32756971
32756970
32756969
32756968
32756967
32756966
32756965
32756964
32756963
32756962
32756961
32756960
32756959
32756958
32756957
32756956
32756955
32756954
32756953
32756952
32756951
32756950
32756949
32756948
32756947
32756946
32756945
32756944
32756943
32756942
32756941
32756940
32756939
32756938
32756937
32756936
32756935
32756934
32756933
32756932
32756931
32756930
32756929
32756928
32756927
32756926
32756925
32756924
32756923
32756922
32756921
32756920
32756919
32756918
32756917
32756916
32756915
32756914
32756913
32756912
32756911
32756910
32756909
32756908
32756907
32756906
32756905
32756904
32756903
32756902
32756901
32756900
32756899
32756898
32756897
32756896
32756895
32756894
32756893
32756892
32756891
32756890
32756889
32756888
32756887
32756886
32756885
32756884
32756883
32756882
32756881
32756880
32756879
32756878
32756877
32756876
32756875
32756874
32756873
32756872
32756871
32756870
32756869
32756868
32756867
32756866
32756865
32756864
32756863
32756862
32756861
32756860
32756859
32756858
32756857
32756856
32756855
32756854
32756853
32756852
32756851
32756850
32756849
32756848
32756847
32756846
32756845
32756844
32756843
32756842
32756841
32756840
32756839
32756838
32756837
32756836
32756835
32756834
32756833
32756832
32756831
32756830
32756829
32756828
32756827
32756826
32756825
32756824
32756823
32756822
32756821
32756820
32756819
32756818
32756817
32756816
32756815
32756814
32756813
32756812
32756811
32756810
32756809
32756808
32756807
32756806
32756805
32756804
32756803
32756802
32756801
32756800
32756799
32756798
32756797
32756796
32756795
32756794
32756793
32756792
32756791
32756790
32756789
32756788
32756787
32756786
32756785
32756784
32756783
32756782
32756781
32756780
32756779
32756778
32756777
32756776
32756775
32756774
32756773
32756772
32756771
32756770
32756769
32756768
32756767
32756766
32756765
32756764
32756763
32756762
32756761
32756760
32756759
32756758
32756757
32756756
32756755
32756754
32756753
32756752
32756751
32756750
32756749
32756748
32756747
32756746
32756745
32756744
32756743
32756742
32756741
32756740
32756739
32756738
32756737
32756736
32756735
32756734
32756733
32756732
32756731
32756730
32756729
32756728
32756727
32756726
32756725
32756724
32756723
32756722
32756721
32756720
32756719
32756718
32756717
32756716
32756715
32756714
32756713
32756712
32756711
32756710
32756709
32756708
32756707
32756706
32756705
32756704
32756703
32756702
32756701
32756700
32756699
32756698
32756697
32756696
32756695
32756694
32756693
32756692
32756691
32756690
32756689
32756688
32756687
32756686
32756685
32756684
32756683
32756682
32756681
32756680
32756679
32756678
32756677
32756676
32756675
32756674
32756673
32756672
32756671
32756670
32756669
32756668
32756667
32756666
32756665
32756664
32756663
32756662
32756661
32756660
32756659
32756658
32756657
32756656
32756655
32756654
32756653
32756652
32756651
32756650
32756649
32756648
32756647
32756646
32756645
32756644
32756643
32756642
32756641
32756640
32756639
32756638
32756637
32756636
32756635
32756634
32756633
32756632
32756631
32756630
32756629
32756628
32756627
32756626
32756625
32756624
32756623
32756622
32756621
32756620
32756619
32756618
32756617
32756616
32756615
32756614
32756613
32756612
32756611
32756610
32756609
32756608
32756607
32756606
32756605
32756604
32756603
32756602
32756601
32756600
32756599
32756598
32756597
32756596
32756595
32756594
32756593
32756592
32756591
32756590
32756589
32756588
32756587
32756586
32756585
32756584
32756583
32756582
32756581
32756580
32756579
32756578
32756577
32756576
32756575
32756574
32756573
32756572
32756571
32756570
32756569
32756568
32756567
32756566
32756565
32756564
32756563
32756562
32756561
32756560
32756559
32756558
32756557
32756556
32756555
32756554
32756553
32756552
32756551
32756550
32756549
32756548
32756547
32756546
32756545
32756544
32756543
32756542
32756541
32756540
32756539
32756538
32756537
32756536
32756535
32756534
32756533
32756532
32756531
32756530
32756529
32756528
32756527
32756526
32756525
32756524
32756523
32756522
32756521
32756520
32756519
32756518
32756517
32756516
32756515
32756514
32756513
32756512
32756511
32756510
32756509
32756508
32756507
32756506
32756505
32756504
32756503
32756502
32756501
32756500
32756499
32756498
32756497
32756496
32756495
32756494
32756493
32756492
32756491
32756490
32756489
32756488
32756487
32756486
32756485
32756484
32756483
32756482
32756481
32756480
32756479
32756478
32756477
32756476
32756475
32756474
32756473
32756472
32756471
32756470
32756469
32756468
32756467
32756466
32756465
32756464
32756463
32756462
32756461
32756460
32756459
32756458
32756457
32756456
32756455
32756454
32756453
32756452
32756451
32756450
32756449
32756448
32756447
32756446
32756445
32756444
32756443
32756442
32756441
32756440
32756439
32756438
32756437
32756436
32756435
32756434
32756433
32756432
32756431
32756430
32756429
32756428
32756427
32756426
32756425
32756424
32756423
32756422
32756421
32756420
32756419
32756418
32756417
32756416
32756415
32756414
32756413
32756412
32756411
32756410
32756409
32756408
32756407
32756406
32756405
32756404
32756403
32756402
32756401
32756400
32756399
32756398
32756397
32756396
32756395
32756394
32756393
32756392
32756391
32756390
32756389
32756388
32756387
32756386
32756385
32756384
32756383
32756382
32756381
32756380
32756379
32756378
32756377
32756376
32756375
32756374
32756373
32756372
32756371
32756370
32756369
32756368
32756367
32756366
32756365
32756364
32756363
32756362
32756361
32756360
32756359
32756358
32756357
32756356
32756355
32756354
32756353
32756352
32756351
32756350
32756349
32756348
32756347
32756346
32756345
32756344
32756343
32756342
32756341
32756340
32756339
32756338
32756337
32756336
32756335
32756334
32756333
32756332
32756331
32756330
32756329
32756328
32756327
32756326
32756325
32756324
32756323
32756322
32756321
32756320
32756319
32756318
32756317
32756316
32756315
32756314
32756313
32756312
32756311
32756310
32756309
32756308
32756307
32756306
32756305
32756304
32756303
32756302
32756301
32756300
32756299
32756298
32756297
32756296
32756295
32756294
32756293
32756292
32756291
32756290
32756289
32756288
32756287
32756286
32756285
32756284
32756283
32756282
32756281
32756280
32756279
32756278
32756277
32756276
32756275
32756274
32756273
32756272
32756271
32756270
32756269
32756268
32756267
32756266
32756265
32756264
32756263
32756262
32756261
32756260
32756259
32756258
32756257
32756256
32756255
32756254
32756253
32756252
32756251
32756250
32756249
32756248
32756247
32756246
32756245
32756244
32756243
32756242
32756241
32756240
32756239
32756238
32756237
32756236
32756235
32756234
32756233
32756232
32756231
32756230
32756229
32756228
32756227
32756226
32756225
32756224
32756223
32756222
32756221
32756220
32756219
32756218
32756217
32756216
32756215
32756214
32756213
32756212
32756211
32756210
32756209
32756208
32756207
32756206
32756205
32756204
32756203
32756202
32756201
32756200
32756199
32756198
32756197
32756196
32756195
32756194
32756193
32756192
32756191
32756190
32756189
32756188
32756187
32756186
32756185
32756184
32756183
32756182
32756181
32756180
32756179
32756178
32756177
32756176
32756175
32756174
32756173
32756172
32756171
32756170
32756169
32756168
32756167
32756166
32756165
32756164
32756163
32756162
32756161
32756160
32756159
32756158
32756157
32756156
32756155
32756154
32756153
32756152
32756151
32756150
32756149
32756148
32756147
32756146
32756145
32756144
32756143
32756142
32756141
32756140
32756139
32756138
32756137
32756136
32756135
32756134
32756133
32756132
32756131
32756130
32756129
32756128
32756127
32756126
32756125
32756124
32756123
32756122
32756121
32756120
32756119
32756118
32756117
32756116
32756115
32756114
32756113
32756112
32756111
32756110
32756109
32756108
32756107
32756106
32756105
32756104
32756103
32756102
32756101
32756100
32756099
32756098
