32763470
32763469
32763468
32763467
32763466
32763465
32763464
32763463
32763462
32763461
32763460
32763459
32763458
32763457
32763456
32763455
32763454
32763453
32763452
32763451
32763450
32763449
32763448
32763447
32763446
32763445
32763444
32763443
32763442
32763441
32763440
32763439
32763438
32763437
32763436
32763435
32763434
32763433
32763432
32763431
32763430
32763429
32763428
32763427
32763426
32763425
32763424
32763423
32763422
32763421
32763420
32763419
32763418
32763417
32763416
32763415
32763414
32763413
32763412
32763411
32763410
32763409
32763408
32763407
32763406
32763405
32763404
32763403
32763402
32763401
32763400
32763399
32763398
32763397
32763396
32763395
32763394
32763393
32763392
32763391
32763390
32763389
32763388
32763387
32763386
32763385
32763384
32763383
32763382
32763381
32763380
32763379
32763378
32763377
32763376
32763375
32763374
32761926
32761925
32761924
32761923
32761922
32761921
32761920
32761919
32761918
32761917
32761916
32761915
32761914
32761913
32761912
32761911
32761910
32761909
32761908
32761907
32761906
32761905
32761904
32761903
32761902
32761901
32761900
32761899
32761898
32761897
32761896
32761895
32761894
32761893
32761892
32761891
32761890
32761889
32761888
32761887
32761886
32761885
32761884
32761883
32761882
32761881
32761880
32761879
32761878
32761877
32761876
32761875
32761874
32761873
32761872
32761871
32761870
32761869
32761868
32761867
32761866
32761865
32761864
32761863
32761862
32761861
32761860
32761859
32761858
32761857
32761856
32761855
32761854
32761853
32761852
32761851
32761850
32761849
32761848
32761847
32761846
32761845
32761844
32761843
32761842
32761841
32761840
32761839
32761838
32761837
32761836
32761835
32761834
32761833
32761832
32761831
32761830
32761829
32761828
32761827
32761826
32761825
32761824
32761823
32761822
32761821
32761820
32761819
32761818
32761817
32761816
32761815
32761814
32761813
32761812
32761811
32761810
32761809
32761808
32761807
32761806
32761805
32761804
32761803
32761802
32761801
32761800
32761799
32761798
32761797
32761796
32761795
32761794
32761793
32761792
32761791
32761790
32761789
32761788
32761787
32761786
32761785
32761784
32761783
32761782
32761781
32761780
32761779
32761778
32761777
32761776
32761775
32761774
32761773
32761772
32761771
32761770
32761769
32761768
32761767
32761766
32761765
32761764
32761763
32761762
32761761
32761760
32761759
32761758
32761757
32761756
32761755
32761754
32761753
32761752
32761751
32761750
32761749
32761748
32761747
32761746
32761745
32761744
32761743
32761742
32761741
32761740
32761739
32761738
32761737
32761736
32761735
32761734
32761733
32761732
32761731
32761730
32761729
32761728
32761727
32761726
32761725
32761724
32761723
32761722
32761721
32761720
32761719
32761718
32761717
32761716
32761715
32761714
32761713
32761712
32761711
32761710
32761709
32761708
32761707
32761706
32761705
32761704
32761703
32761702
32761701
32761700
32761699
32761698
32761697
32761696
32761695
32761694
32761693
32761692
32761691
32761690
32761689
32761688
32761687
32761686
32761685
32761684
32761683
32761682
32761681
32761680
32761679
32761678
32761677
32761676
32761675
32761674
32761673
32761672
32761671
32761670
32761669
32761668
32761667
32761666
32761665
32761664
32761663
32761662
32761661
32761660
32759131
32759130
32759129
32759128
32759127
32759126
32759125
32759124
32759123
32759122
32759121
32759120
32759119
32759118
32759117
32759116
32759115
32759114
32759113
32759112
32759111
32759110
32759109
32759108
32759107
32759106
32759105
32759104
32759103
32759102
32759101
32759100
32759099
32759098
32759097
32759096
32759095
32759094
32759093
32759092
32759091
32759090
32759089
32759088
32759087
32759086
32759085
32759084
32759083
32759082
32759081
32759080
32759079
32759078
32759077
32759076
32759075
32759074
32759073
32759072
32759071
32759070
32759069
32759068
32759067
32759066
32759065
32759064
32759063
32759062
32759061
32759060
32759059
32759058
32759057
32759056
32759055
32759054
32759053
32759052
32759051
32759050
32759049
32759048
32759047
32759046
32759045
32759044
32759043
32759042
32759041
32759040
32759039
32759038
32759037
32759036
32759035
32759034
32759033
32759032
32759031
32759030
32759029
32759028
32759027
32759026
32759025
32759024
32759023
32759022
32759021
32759020
32759019
32759018
32759017
32759016
32759015
32759014
32759013
32759012
32759011
32759010
32759009
32759008
32759007
32759006
32759005
32759004
32759003
32759002
32759001
32759000
32758999
32758998
32758997
32758996
32758995
32758994
32758993
32758992
32758991
32758990
32758989
32758988
32758987
32758986
32758985
32758984
32758983
32758982
32758981
32758980
32758979
32758978
32758977
32758976
32758975
32758974
32758973
32758972
32758971
32758970
32758969
32758968
32758967
32758966
32758965
32758964
32758963
32758962
32758961
32758960
32758959
32758958
32758957
32758956
32758955
32758954
32758953
32758952
32758951
32758950
32758949
32758948
32758947
32758946
32758945
32758944
32758943
32758942
32758941
32758940
32758939
32758938
32758937
32758936
32758935
32758934
32758933
32758932
32758931
32758930
32758929
32758928
32758927
32758926
32758925
32758924
32758923
32758922
32758921
32758920
32758919
32758918
32758917
32758916
32758915
32758914
32758913
32758912
32758911
32758910
32758909
32758908
32758907
32758906
32758905
32758904
32758903
32758902
32758901
32758900
32758899
32758898
32758897
32758896
32758895
32758894
32758893
32758892
32758891
32758890
32758889
32758888
32758887
32758886
32758885
32758884
32758883
32758882
32758881
32758880
32758879
32758878
32758877
32758876
32758875
32758874
32758873
32758872
32758871
32758870
32758869
32758868
32758867
32758866
32758865
32758864
32758863
32758862
32758861
32758860
32758859
32758858
32758857
32758856
32758855
32758854
32758853
32758852
32758851
32758850
32757883
32757882
32757881
32757880
32757879
32757878
32757877
32757876
32757875
32757874
32757873
32757872
32757871
32757870
32757869
32757868
32757867
32757866
32757865
32757864
32757863
32757862
32757861
32757860
32757859
32757858
32757857
32757856
32757855
32757854
32757853
32757852
32757851
32757850
32757849
32757848
32757847
32757846
32757845
32757844
32757843
32757842
32757841
32757840
32757839
32757838
32757837
32757836
32757835
32757834
32757833
32757832
32757831
32757830
32757829
32757828
32757827
32757826
32757825
32757824
32757823
32757822
32757821
32757820
32757819
32757818
32757817
32757816
32757815
32757814
32757813
32757812
32757811
32757810
32757809
32757808
32757807
32757806
32757805
32757804
32757803
32757802
32757801
32757800
32757799
32757798
32757797
32757796
32757795
32757794
32757793
32757792
32757791
32757790
32757789
32757788
32757787
32757786
32757785
32757784
32757783
32757782
32757781
32757780
32757779
32757778
32757777
32757776
32757775
32757774
32757773
32757304
32757303
32757302
32757301
32757300
32757299
32757298
32757297
32757296
32757295
32757294
32757293
32757292
32757291
32757290
32757289
32757288
32757287
32757286
32757285
32757284
32757283
32757282
32757281
32756466
32756465
32756464
32756463
32756462
32756461
32756460
32756459
32756458
32756457
32756456
32756455
32756454
32756453
