29942554
29942555
29942556
29942557
29942558
29942559
29942560
29942561
29942562
29942563
29942564
29942565
29942566
29942567
29942568
29942569
29942570
29942571
29942572
29942573
29942574
29942575
29942576
29942577
29942578
29942579
29942580
29942581
29942582
29942583
29942584
29942585
29942586
29942587
29942588
29942589
29942590
29942591
29942592
29942593
29942594
29942595
29942596
29942597
29942598
29942599
29942600
29942601
29942602
29942603
29942604
29942605
29942606
29942607
29942608
29942609
29942610
29942611
29942612
29942613
29942614
29942615
29942616
29942617
29942618
29942619
29942620
29942621
29942622
29942623
29942624
29942625
29942626
29942757
29942758
29942759
29942760
29942761
29942762
29942763
29942764
29942765
29942766
29942767
29942768
29942769
29942770
29942771
29942772
29942773
29942774
29942775
29942776
29942777
29942778
29942779
29942780
29942781
29942782
29942783
29942784
29942785
29942786
29942787
29942788
29942789
29942790
29942791
29942792
29942793
29942794
29942795
29942796
29942797
29942798
29942799
29942800
29942801
29942802
29942803
29942804
29942805
29942806
29942807
29942808
29942809
29942810
29942811
29942812
29942813
29942814
29942815
29942816
29942817
29942818
29942819
29942820
29942821
29942822
29942823
29942824
29942825
29942826
29942827
29942828
29942829
29942830
29942831
29942832
29942833
29942834
29942835
29942836
29942837
29942838
29942839
29942840
29942841
29942842
29942843
29942844
29942845
29942846
29942847
29942848
29942849
29942850
29942851
29942852
29942853
29942854
29942855
29942856
29942857
29942858
29942859
29942860
29942861
29942862
29942863
29942864
29942865
29942866
29942867
29942868
29942869
29942870
29942871
29942872
29942873
29942874
29942875
29942876
29942877
29942878
29942879
29942880
29942881
29942882
29942883
29942884
29942885
29942886
29942887
29942888
29942889
29942890
29942891
29942892
29942893
29942894
29942895
29942896
29942897
29942898
29942899
29942900
29942901
29942902
29942903
29942904
29942905
29942906
29942907
29942908
29942909
29942910
29942911
29942912
29942913
29942914
29942915
29942916
29942917
29942918
29942919
29942920
29942921
29942922
29942923
29942924
29942925
29942926
29942927
29942928
29942929
29942930
29942931
29942932
29942933
29942934
29942935
29942936
29942937
29942938
29942939
29942940
29942941
29942942
29942943
29942944
29942945
29942946
29942947
29942948
29942949
29942950
29942951
29942952
29942953
29942954
29942955
29942956
29942957
29942958
29942959
29942960
29942961
29942962
29942963
29942964
29942965
29942966
29942967
29942968
29942969
29942970
29942971
29942972
29942973
29942974
29942975
29942976
29942977
29942978
29942979
29942980
29942981
29942982
29942983
29942984
29942985
29942986
29942987
29942988
29942989
29942990
29942991
29942992
29942993
29942994
29942995
29942996
29942997
29942998
29942999
29943000
29943001
29943002
29943003
29943004
29943005
29943006
29943007
29943008
29943009
29943010
29943011
29943012
29943013
29943014
29943015
29943016
29943017
29943018
29943019
29943020
29943021
29943022
29943023
29943024
29943025
29943026
29943268
29943269
29943270
29943271
29943272
29943273
29943274
29943275
29943276
29943277
29943278
29943279
29943280
29943281
29943282
29943283
29943284
29943285
29943286
29943287
29943288
29943289
29943290
29943291
29943292
29943293
29943294
29943295
29943296
29943297
29943298
29943299
29943300
29943301
29943302
29943303
29943304
29943305
29943306
29943307
29943308
29943309
29943310
29943311
29943312
29943313
29943314
29943315
29943316
29943317
29943318
29943319
29943320
29943321
29943322
29943323
29943324
29943325
29943326
29943327
29943328
29943329
29943330
29943331
29943332
29943333
29943334
29943335
29943336
29943337
29943338
29943339
29943340
29943341
29943342
29943343
29943344
29943345
29943346
29943347
29943348
29943349
29943350
29943351
29943352
29943353
29943354
29943355
29943356
29943357
29943358
29943359
29943360
29943361
29943362
29943363
29943364
29943365
29943366
29943367
29943368
29943369
29943370
29943371
29943372
29943373
29943374
29943375
29943376
29943377
29943378
29943379
29943380
29943381
29943382
29943383
29943384
29943385
29943386
29943387
29943388
29943389
29943390
29943391
29943392
29943393
29943394
29943395
29943396
29943397
29943398
29943399
29943400
29943401
29943402
29943403
29943404
29943405
29943406
29943407
29943408
29943409
29943410
29943411
29943412
29943413
29943414
29943415
29943416
29943417
29943418
29943419
29943420
29943421
29943422
29943423
29943424
29943425
29943426
29943427
29943428
29943429
29943430
29943431
29943432
29943433
29943434
29943435
29943436
29943437
29943438
29943439
29943440
29943441
29943442
29943443
29943444
29943445
29943446
29943447
29943448
29943449
29943450
29943451
29943452
29943453
29943454
29943455
29943456
29943457
29943458
29943459
29943460
29943461
29943462
29943463
29943464
29943465
29943466
29943467
29943468
29943469
29943470
29943471
29943472
29943473
29943474
29943475
29943476
29943477
29943478
29943479
29943480
29943481
29943482
29943483
29943484
29943485
29943486
29943487
29943488
29943489
29943490
29943491
29943492
29943493
29943494
29943495
29943496
29943497
29943498
29943499
29943500
29943501
29943502
29943503
29943504
29943505
29943506
29943507
29943508
29943509
29943510
29943511
29943512
29943513
29943514
29943515
29943516
29943517
29943518
29943519
29943520
29943521
29943522
29943523
29943524
29943525
29943526
29943527
29943528
29943529
29943530
29943531
29943532
29943533
29943534
29943535
29943536
29943537
29943538
29943539
29943540
29943541
29943542
29943543
29944122
29944123
29944124
29944125
29944126
29944127
29944128
29944129
29944130
29944131
29944132
29944133
29944134
29944135
29944136
29944137
29944138
29944139
29944140
29944141
29944142
29944143
29944144
29944145
29944146
29944147
29944148
29944149
29944150
29944151
29944152
29944153
29944154
29944155
29944156
29944157
29944158
29944159
29944160
29944161
29944162
29944163
29944164
29944165
29944166
29944167
29944168
29944169
29944170
29944171
29944172
29944173
29944174
29944175
29944176
29944177
29944178
29944179
29944180
29944181
29944182
29944183
29944184
29944185
29944186
29944187
29944188
29944189
29944190
29944191
29944192
29944193
29944194
29944195
29944196
29944197
29944198
29944199
29944200
29944201
29944202
29944203
29944204
29944205
29944206
29944207
29944208
29944209
29944210
29944211
29944212
29944213
29944214
29944215
29944216
29944217
29944218
29944219
29944220
29944221
29944222
29944223
29944224
29944225
29944226
29944227
29944228
29944229
29944230
29944231
29944232
29944233
29944234
29944235
29944236
29944237
29944238
29944239
29944240
29944241
29944242
29944243
29944244
29944245
29944246
29944247
29944248
29944249
29944250
29944251
29944252
29944253
29944254
29944255
29944256
29944257
29944258
29944259
29944260
29944261
29944262
29944263
29944264
29944265
29944266
29944267
29944268
29944269
29944270
29944271
29944272
29944273
29944274
29944275
29944276
29944277
29944278
29944279
29944280
29944281
29944282
29944283
29944284
29944285
29944286
29944287
29944288
29944289
29944290
29944291
29944292
29944293
29944294
29944295
29944296
29944297
29944298
29944299
29944300
29944301
29944302
29944303
29944304
29944305
29944306
29944307
29944308
29944309
29944310
29944311
29944312
29944313
29944314
29944315
29944316
29944317
29944318
29944319
29944320
29944321
29944322
29944323
29944324
29944325
29944326
29944327
29944328
29944329
29944330
29944331
29944332
29944333
29944334
29944335
29944336
29944337
29944338
29944339
29944340
29944341
29944342
29944343
29944344
29944345
29944346
29944347
29944348
29944349
29944350
29944351
29944352
29944353
29944354
29944355
29944356
29944357
29944358
29944359
29944360
29944361
29944362
29944363
29944364
29944365
29944366
29944367
29944368
29944369
29944370
29944371
29944372
29944373
29944374
29944375
29944376
29944377
29944378
29944379
29944380
29944381
29944382
29944383
29944384
29944385
29944386
29944387
29944388
29944389
29944390
29944391
29944392
29944393
29944394
29944395
29944396
29944397
29944500
29944501
29944502
29944503
29944504
29944505
29944506
29944507
29944508
29944509
29944510
29944511
29944512
29944513
29944514
29944515
29944516
29944517
29944518
29944519
29944520
29944521
29944522
29944523
29944524
29944525
29944526
29944527
29944528
29944529
29944530
29944531
29944532
29944533
29944534
29944535
29944536
29944537
29944538
29944539
29944540
29944541
29944542
29944543
29944544
29944545
29944546
29944547
29944548
29944549
29944550
29944551
29944552
29944553
29944554
29944555
29944556
29944557
29944558
29944559
29944560
29944561
29944562
29944563
29944564
29944565
29944566
29944567
29944568
29944569
29944570
29944571
29944572
29944573
29944574
29944575
29944576
29944577
29944578
29944579
29944580
29944581
29944582
29944583
29944584
29944585
29944586
29944587
29944588
29944589
29944590
29944591
29944592
29944593
29944594
29944595
29944596
29944597
29944598
29944599
29944600
29944601
29944602
29944603
29944604
29944605
29944606
29944607
29944608
29944609
29944610
29944611
29944612
29944613
29944614
29944615
29944616
29945059
29945060
29945061
29945062
29945063
29945064
29945065
29945066
29945067
29945068
29945069
29945070
29945071
29945072
29945073
29945074
29945075
29945076
29945077
29945078
29945079
29945080
29945081
29945082
29945083
29945084
29945085
29945086
29945087
29945088
29945089
29945090
29945091
29945234
29945235
29945236
29945237
29945238
29945239
29945240
29945241
29945242
29945243
29945244
29945245
29945246
29945247
29945248
29945249
29945250
29945251
29945252
29945253
29945254
29945255
29945256
29945257
29945258
29945259
29945260
29945261
29945262
29945263
29945264
29945265
29945266
29945267
29945268
29945269
29945270
29945271
29945272
29945273
29945274
29945275
29945276
29945277
29945278
29945279
29945280
29945281
29945451
29945452
29945453
29945454
29945455
