33076042
33076043
33076044
33076045
33076046
33076047
33076048
33076049
33076050
33076051
33076052
33076053
33076054
33076055
33076056
33076057
33076058
33076059
33076060
33076061
33076062
33076063
33076064
33076065
33076066
33076067
33076068
33076069
33076070
33076071
33076072
33076073
33076074
33076075
33076076
33076077
33076078
33076079
33076080
33076081
33076082
33076083
33076084
33076085
33076086
33076087
33076088
33076089
33076090
33076091
33076092
33076093
33076094
33076095
33076096
33076097
33076098
33076099
33076100
33076101
33076102
33076103
33076104
33076105
33076106
33076107
33076108
33076109
33076110
33076111
33076112
33076113
33076114
33076115
33076116
33076117
33076118
33076119
33076120
33076121
33076122
33076123
33076124
33076125
33076126
33076127
33076128
33076129
33076130
33076131
33076132
33076133
33076134
33076135
33076136
33076137
33076138
33076139
33076140
33076141
33080672
33080673
33080674
33080675
33080676
33080677
33080678
33080679
33080680
33080681
33080682
33080683
33080684
33080685
33080686
33080687
33080688
33080689
33080690
33080691
33080692
33080693
33080694
33080695
33080696
33080697
33080698
33080699
33080700
33080701
33080702
33080703
33080704
33080705
33080706
33080707
33080708
33080709
33080710
33080711
33080712
33080713
33080714
33080715
33080716
33080717
33080718
33080719
33080720
33080721
33080722
33080723
33080724
33080725
33080726
33080727
33080728
33080729
33080730
33080731
33080732
33080733
33080734
33080735
33080736
33080737
33080738
33080739
33080740
33080741
33080742
33080743
33080744
33080745
33080746
33080747
33080748
33080749
33080750
33080751
33080752
33080753
33080754
33080755
33080756
33080757
33080758
33080759
33080760
33080761
33080762
33080763
33080764
33080765
33080766
33080767
33080768
33080769
33080770
33080771
33080772
33080773
33080774
33080775
33080776
33080777
33080778
33080779
33080780
33080781
33080782
33080783
33080784
33080785
33080786
33080787
33080788
33080789
33080790
33080791
33080792
33080793
33080794
33080795
33080796
33080797
33080798
33080799
33080800
33080801
33080802
33080803
33080804
33080805
33080806
33080807
33080808
33080809
33080810
33080811
33080812
33080813
33080814
33080815
33080816
33080817
33080818
33080819
33080820
33080821
33080822
33080823
33080824
33080825
33080826
33080827
33080828
33080829
33080830
33080831
33080832
33080833
33080834
33080835
33080836
33080837
33080838
33080839
33080840
33080841
33080842
33080843
33080844
33080845
33080846
33080847
33080848
33080849
33080850
33080851
33080852
33080853
33080854
33080855
33080856
33080857
33080858
33080859
33080860
33080861
33080862
33080863
33080864
33080865
33080866
33080867
33080868
33080869
33080870
33080871
33080872
33080873
33080874
33080875
33080876
33080877
33080878
33080879
33080880
33080881
33080882
33080883
33080884
33080885
33080886
33080887
33080888
33080889
33080890
33080891
33080892
33080893
33080894
33080895
33080896
33080897
33080898
33080899
33080900
33080901
33080902
33080903
33080904
33080905
33080906
33080907
33080908
33080909
33080910
33080911
33080912
33080913
33080914
33080915
33080916
33080917
33080918
33080919
33080920
33080921
33080922
33080923
33080924
33080925
33080926
33080927
33080928
33080929
33080930
33080931
33080932
33080933
33080934
33080935
33084950
33084951
33084952
33084953
33084954
33084955
33084956
33084957
33084958
33084959
33084960
33084961
33084962
33084963
33084964
33084965
33084966
33084967
33084968
33084969
33084970
33084971
33084972
33084973
33084974
33084975
33084976
33084977
33084978
33084979
33084980
33084981
33084982
33084983
33084984
33084985
33084986
33084987
33084988
33084989
33084990
33084991
33084992
33084993
33084994
33084995
33084996
33084997
33084998
33084999
33085000
33085001
33085002
33085003
33085004
33085005
33085006
33085007
33085008
33085009
33085010
33085011
33085012
33085013
33085014
33085015
33085016
33085017
33085018
33085019
33085020
33085021
33085022
33085023
33085024
33085025
33085026
33085027
33085028
33085029
33085030
33085031
33085032
33085033
33085034
33085035
33085036
33085037
33085038
33085039
33085040
33085041
33085042
33085043
33085044
33085045
33085046
33085047
33085048
33085049
33085050
33085051
33085052
33085053
33085054
33085055
33085056
33085057
33085058
33085059
33085060
33085061
33085062
33085063
33085064
33085065
33085066
33085067
33085068
33085069
33085070
33085071
33085072
33085073
33085074
33085075
33085076
33085077
33085078
33085079
33085080
33085081
33085082
33085083
33085084
33085085
33085086
33085087
33085088
33085089
33085090
33085091
33085092
33085093
33085094
33085095
33085096
33085097
33085098
33085099
33085100
33085101
33085102
33085103
33085104
33085105
33085106
33085107
33085108
33085109
33085110
33085111
33085112
33085113
33085114
33085115
33085116
33085117
33085118
33085119
33085120
33085121
33085122
33085123
33085124
33085125
33085126
33085127
33085128
33085129
33085130
33085131
33085132
33085133
33085134
33085135
33085136
33085137
33085138
33085139
33085140
33085141
33085142
33085143
33085144
33085145
33085146
33085147
33085148
33085149
33085150
33085151
33085152
33085153
33085154
33085155
33085156
33085157
33085158
33085159
33085160
33085161
33085162
33085163
33085164
33085165
33085166
33085167
33085168
33085169
33085170
33085171
33085172
33085173
33085174
33085175
33085176
33085177
33085178
33085179
33085180
33085181
33085182
33085183
33085184
33085185
33085186
33085187
33085188
33085189
33085190
33085191
33085192
33085193
33085194
33085195
33085196
33085197
33085198
33085199
33085200
33085201
33085202
33085203
33085204
33085205
33085206
33085207
33085208
33085209
33085210
33085211
33085212
33085213
33085214
33085215
33085216
33085217
33085218
33085219
33085220
33085221
33085222
33085223
33085224
33085225
33085226
33085227
33085228
33085229
33085230
33085231
33085779
33085780
33085781
33085782
33085783
33085784
33085785
33085786
33085787
33085788
33085789
33085790
33085791
33085792
33085793
33085794
33085795
33085796
33085797
33085798
33085799
33085800
33085801
33085802
33085803
33085804
33085805
33085806
33085807
33085808
33085809
33085810
33085811
33085812
33085813
33085814
33085815
33085816
33085817
33085818
33085819
33085820
33085821
33085822
33085823
33085824
33085825
33085826
33085827
33085828
33085829
33085830
33085831
33085832
33085833
33085834
33085835
33085836
33085837
33085838
33085839
33085840
33085841
33085842
33085843
33085844
33085845
33085846
33085847
33085848
33085849
33085850
33085851
33085852
33085853
33085854
33085855
33085856
33085857
33085858
33085859
33085860
33085861
33085862
33085863
33085864
33085865
33085866
33085867
33085868
33085869
33085870
33085871
33085872
33085873
33085874
33085875
33085876
33085877
33085878
33085879
33085880
33085881
33085882
33085883
33085884
33085885
33085886
33085887
33085888
33085889
33086219
33086220
33086221
33086222
33086223
33086224
33086225
33086226
33086227
33086228
33086229
33086230
33086231
33086232
33086233
33086234
33086235
33086236
33086237
33086238
