32668383
32668382
32668381
32668380
32668379
32668378
32668377
32668376
32668375
32668374
32668373
32668372
32668371
32668370
32668369
32668368
32668367
32668366
32668365
32668364
32668363
32668362
32668361
32668360
32668359
32668358
32668357
32668356
32668355
32668354
32668353
32668352
32668351
32668350
32668349
32668348
32668347
32668346
32668345
32668344
32668343
32668342
32668341
32668340
32668339
32668338
32668337
32668336
32668335
32668334
32668333
32668332
32668331
32668330
32668329
32668328
32668327
32668326
32668325
32668324
32668323
32668322
32668321
32668320
32668319
32668318
32668317
32668316
32668315
32668314
32668313
32668312
32668311
32668310
32668309
32668308
32668307
32668306
32668305
32668304
32668303
32668302
32668301
32668300
32668299
32668298
32668297
32668296
32668295
32668294
32668293
32668292
32668291
32668290
32668289
32668288
32668287
32668286
32668285
32668284
32668283
32668282
32668281
32668280
32668279
32668278
32668277
32668276
32668275
32668274
32668273
32668272
32668271
32668270
32668269
32668268
32668267
32668266
32668265
32668264
32668263
32668262
32668261
32668260
32668259
32668258
32668257
32668256
32668255
32668254
32668253
32668252
32668251
32668250
32668249
32668248
32668247
32668246
32668245
32668244
32668243
32668242
32668241
32668240
32668239
32668238
32668237
32668236
32668235
32668234
32668233
32668232
32668231
32668230
32668229
32668228
32668227
32668226
32668225
32668224
32668223
32668222
32668221
32668220
32668219
32668218
32668217
32668216
32668215
32668214
32668213
32668212
32668211
32668210
32668209
32668208
32668207
32668206
32668205
32668204
32668203
32668202
32668201
32668200
32668199
32668198
32668197
32668196
32668195
32668194
32668193
32668192
32668191
32668190
32668189
32668188
32668187
32668186
32668185
32668184
32668183
32668182
32668181
32668180
32668179
32668178
32668177
32668176
32668175
32668174
32668173
32668172
32668171
32668170
32668169
32668168
32668167
32668166
32668165
32668164
32668163
32668162
32668161
32668160
32668159
32668158
32668157
32668156
32668155
32668154
32668153
32668152
32668151
32668150
32668149
32668148
32668147
32668146
32668145
32668144
32668143
32668142
32668141
32668140
32668139
32668138
32668137
32668136
32668135
32668134
32668133
32668132
32668131
32668130
32668129
32668128
32668127
32668126
32668125
32668124
32668123
32668122
32668121
32668120
32668119
32668118
32668117
32668116
32668115
32668114
32668113
32668112
32668111
32668110
32668109
32668108
32668107
32668106
32668105
32668104
32668103
32668102
32668101
32668100
32668099
32668098
32668097
32668096
32668095
32668094
32668093
32668092
32668091
32668090
32668089
32668088
32668087
32668086
32668085
32668084
32668083
32668082
32668081
32668080
32668079
32668078
32668077
32668076
32668075
32668074
32668073
32668072
32668071
32668070
32668069
32668068
32668067
32668066
32668065
32668064
32668063
32668062
32668061
32668060
32668059
32668058
32668057
32668056
32668055
32668054
32668053
32668052
32668051
32668050
32668049
32668048
32668047
32668046
32668045
32668044
32668043
32668042
32668041
32668040
32668039
32668038
32668037
32668036
32668035
32668034
32668033
32668032
32668031
32668030
32668029
32668028
32668027
32668026
32668025
32668024
32668023
32668022
32668021
32668020
32668019
32668018
32668017
32668016
32668015
32668014
32668013
32668012
32668011
32668010
32668009
32668008
32668007
32668006
32668005
32668004
32668003
32668002
32668001
32668000
32667999
32667998
32667997
32667996
32667995
32667994
32667993
32667992
32667991
32667990
32667989
32667988
32667987
32667986
32667985
32667984
32667983
32667982
32667981
32667980
32667979
32667978
32667977
32667976
32667975
32667974
32667973
32667972
32667971
32667970
32667969
32667968
32667967
32667966
32667965
32667964
32667963
32667962
32667961
32667960
32667959
32667958
32667957
32667956
32667955
32667954
32667953
32667952
32667951
32667950
32667949
32667948
32667947
32667946
32667945
32667944
32667943
32667942
32667941
32667940
32667939
32667938
32667937
32667936
32667935
32667934
32667933
32667932
32667931
32667930
32667929
32667928
32667927
32667926
32667925
32667924
32667923
32667922
32667921
32667920
32667919
32667918
32667917
32667916
32667915
32667914
32667913
32667912
32667911
32667910
32667909
32667908
32667907
32667906
32667905
32667904
32667903
32667902
32667901
32667900
32667899
32667898
32667897
32667896
32667895
32667894
32667893
32667892
32667891
32667890
32667889
32667888
32667887
32667886
32667885
32667884
32667883
32667882
32667881
32667880
32667879
32667878
32667877
32667876
32667875
32667874
32667873
32667872
32667871
32667870
32667869
32667868
32667867
32667866
32667865
32667864
32667863
32667862
32667861
32667860
32667859
32667858
32667857
32667856
32667855
32667854
32667853
32667852
32667851
32667850
32667849
32667848
32667847
32667846
32667845
32667844
32667843
32667842
32667841
32667840
32667839
32667838
32667837
32667836
32667835
32667834
32667833
32667832
32667831
32667830
32667829
32667828
32667827
32667826
32667825
32667824
32667823
32667822
32667821
32667820
32667819
32667818
32667817
32667816
32667815
32667814
32667813
32667812
32667811
32667810
32667809
32667808
32667807
32667806
32667805
32667804
32667803
32667802
32667801
32667800
32667799
32667798
32667797
32667796
32667795
32667794
32667793
32667792
32667791
32667790
32667789
32667788
32667787
32667786
32667785
32667784
32667783
32667782
32667781
32667780
32667779
32667778
32667777
32667776
32667775
32667774
32667773
32667772
32667771
32667770
32667769
32667768
32667767
32667766
32667765
32667764
32667763
32667762
32667761
32667760
32667759
32667758
32667757
32667756
32667755
32667754
32667753
32667752
32667751
32667750
32667749
32667748
32667747
32667746
32667745
32667744
32667743
32667742
32667741
32667740
32667739
32667738
32667737
32667736
32667735
32667734
32667733
32667732
32667731
32667730
32667729
32667728
32667727
32667726
32667725
32667724
32667723
32667722
32667721
32667720
32667719
32667718
32667717
32667716
32667715
32667714
32667713
32667712
32667711
32667710
32667709
32667708
32667707
32667706
32667705
32667704
32667703
32667702
32667701
32667700
32667699
32667698
32667697
32667696
32667695
32667694
32667693
32667692
32667691
32667690
32667689
32667688
32667687
32667686
32667685
32667684
32667683
32667682
32667681
32667680
32667679
32667678
32667677
32667676
32667675
32667674
32667673
32667672
32667671
32667670
32667669
32667668
32667667
32667666
32667665
32667664
32667663
32667662
32667661
32667660
32667659
32667658
32667657
32667656
32667655
32667654
32667653
32667652
32667651
32667650
32667649
32667648
32667647
32667646
32667645
32667644
32667643
32667642
32667641
32667640
32667639
32667638
32667637
32667636
32667635
32667634
32667633
32667632
32667631
32667630
32667629
32667628
32667627
32667626
32667625
32667624
32667623
32667622
32667621
32667620
32667619
32667618
32667617
32667616
32667615
32667614
32667613
32667612
32667611
32667610
32667609
32667608
32667607
32667606
32667605
32667604
32667603
32667602
32667601
32667600
32667599
32667598
32667597
32667596
32667595
32667594
32667593
32667592
32667591
32667590
32667589
32667588
32667587
32667586
32667585
32667584
32667583
32667582
32667581
32667580
32667579
32667578
32667577
32667576
32667575
32667574
32667573
32667572
32667571
32667570
32667569
32667568
32667567
32667566
32667565
32667564
32667563
32667562
32667561
32667560
32667559
32667558
32667557
32667556
32667555
32667554
32667553
32667552
32667551
32667550
32667549
32667548
32667547
32667546
32667545
32667544
32667543
32667542
32667541
32667540
32667539
32667538
32667537
32667536
32667535
32667534
32667533
32667532
32667531
32667530
32667529
32667528
32667527
32667526
32667525
32667524
32667523
32667522
32667521
32667520
32667519
32667518
32667517
32667516
32667515
32667514
32667513
32667512
32667511
32667510
32667509
32667508
32667507
32667506
32667505
32667504
32667503
32667502
32667501
32667500
32667499
32667498
32667497
32667496
32667495
32667494
32667493
32667492
32667491
32667490
32667489
32667488
32667487
32667486
32667485
32667484
32667483
32667482
32667481
32667480
32667479
32667478
32667477
32667476
32667475
32667474
32667473
32667472
32667471
32667470
32667469
32667468
32667467
32667466
32667465
32667464
32667463
32667462
32667461
32667460
32667459
32667458
32667457
32667456
32667455
32667454
32667453
32667452
32667451
32667450
32667449
32667448
32667447
32667446
32667445
32667444
32667443
32667442
32667441
32667440
32667439
32667438
32667437
32667436
32667435
32667434
32667433
32667432
32667431
32667430
32667429
32667428
32667427
32667426
32667425
32667424
32667423
32667422
32667421
32667420
32667419
32667418
32667417
32667416
32667415
32667414
32667413
32667412
32667411
32667410
32667409
32667408
32667407
32667406
32667405
32667404
32667403
32667402
32667401
32667400
32667399
32667398
32667397
32667396
32667395
32667394
32667393
32667392
32667391
32667390
32667389
32667388
32667387
32667386
32667385
32667384
32667383
32667382
32667381
32667380
32667379
32667378
32667377
32667376
32667375
32667374
32667373
32667372
32667371
32667370
32667369
32667368
32667367
32667366
32667365
32667364
32667363
32667362
32667361
32667360
32667359
32667358
32667357
32667356
32667355
32667354
32667353
32667352
32667351
32667350
32667349
32667348
32667347
32667346
32667345
32667344
32667343
32667342
32667341
32667340
32667339
32667338
32667337
32667336
32667335
32667334
32667333
32667332
32667331
32667330
32667329
32667328
32667327
32667326
32667325
32667324
32667323
32667322
32667321
32667320
32667319
32667318
32667317
32667316
32667315
32667314
32667313
32667312
32667311
32667310
32667309
32667308
32667307
32667306
32667305
32667304
32667303
32667302
32667301
32667300
32667299
32667298
32667297
32667296
32667295
32667294
32667293
32667292
32667291
32667290
32667289
32667288
32667287
32667286
32667285
32667284
32667283
32667282
32667281
32667280
32667279
32667278
32667277
32667276
32667275
32667274
32667273
32667272
32667271
32667270
32667269
32667268
32667267
32667266
32667265
32667264
32667263
32667262
32667261
32667260
32667259
32667258
32667257
32667256
32667255
32667254
32667253
32667252
32667251
32667250
32667249
32667248
32667247
32667246
32667245
32667244
32667243
32667242
32667241
32667240
32667239
32667238
32667237
32667236
32667235
32667234
32667233
32667232
32667231
32667230
32667229
32667228
32667227
32667226
32667225
32667224
32667223
32667222
32667221
32667220
32667219
32667218
32667217
32667216
32667215
32667214
32667213
32667212
32667211
32667210
32667209
32667208
32667207
32667206
32667205
32667204
32667203
32667202
32667201
32667200
32667199
32667198
32667197
32667196
32667195
32667194
32667193
32667192
32667191
32667190
32667189
32667188
32667187
32667186
32667185
32667184
32667183
32667182
32667181
32667180
32667179
32667178
32667177
32667176
32667175
32667174
32667173
32667172
32667171
32667170
32667169
32667168
32667167
32667166
32667165
32667164
32667163
32667162
32667161
32667160
32667159
32667158
32667157
32667156
32667155
32667154
32667153
32667152
32667151
32667150
32667149
32667148
32667147
32667146
32667145
32667144
32667143
32667142
32667141
32667140
32667139
32667138
32667137
32667136
32667135
32667134
32667133
32667132
32667131
32667130
32667129
32667128
32667127
32667126
32667125
32667124
32667123
32667122
32667121
32667120
32667119
32667118
32667117
32667116
32667115
32667114
32667113
32667112
32667111
32667110
32667109
32667108
32667107
32667106
32667105
32667104
32667103
32667102
32667101
32667100
32667099
32667098
32667097
32667096
32667095
32667094
32667093
32667092
32667091
32667090
32667089
32667088
32667087
32667086
32667085
32667084
32667083
32667082
32667081
32667080
32667079
32667078
32667077
32667076
32667075
32667074
32667073
32667072
32667071
32667070
32667069
32667068
32667067
32667066
32667065
32667064
32667063
32667062
32667061
32667060
32667059
32667058
32667057
32667056
32667055
32667054
32667053
32667052
32667051
32667050
32667049
32667048
32667047
32667046
32667045
32667044
32667043
32667042
32667041
32667040
32667039
32667038
32667037
32667036
32667035
32667034
32667033
32667032
32667031
32667030
32667029
32667028
32667027
32667026
32667025
32667024
32667023
32667022
32667021
32667020
32667019
32667018
32667017
32667016
32667015
32667014
32667013
32667012
32667011
32667010
32667009
32667008
32667007
32667006
32667005
32667004
32667003
32667002
32667001
32667000
32666999
32666998
32666997
32666996
32666995
32666994
32666993
32666992
32666991
32666990
32666989
32666988
32666987
32666986
32666985
32666984
32666983
32666982
32666981
32666980
32666979
32666978
32666977
32666976
32666975
32666974
32666973
32666972
32666971
32666970
32666969
32666968
32666967
32666966
32666965
32666964
32666963
32666962
32666961
32666960
32666959
32666958
32666957
32666956
32666955
32666954
32666953
32666952
32666951
32666950
32666949
32666948
32666947
32666946
32666945
32666944
32666943
32666942
32666941
32666940
32666939
32666938
32666937
32666936
32666935
32666934
32666933
32666932
32666931
32666930
32666929
32666928
32666927
32666926
32666925
32666924
32666923
32666922
32666921
32666920
32666919
32666918
32666917
32666916
32666915
32666914
32666913
32666912
32666911
32666910
32666909
32666908
32666907
32666906
32666905
32666904
32666903
32666902
32666901
32666900
32666899
32666898
32666897
32666896
32666895
32666894
32666893
32666892
32666891
32666890
32666889
32666888
32666887
32666886
32666885
32666884
32666883
32666882
32666881
32666880
32666879
32666878
32666877
32666876
32666875
32666874
32666873
32666872
32666871
32666870
32666869
32666868
32666867
32666866
32666865
32666864
32666863
32666862
32666861
32666860
32666859
32666858
32666857
32666856
32666855
32666854
32666853
32666852
32666851
32666850
32666849
32666848
32666847
32666846
32666845
32666844
32666843
32666842
32666841
32666840
32666839
32666838
32666837
32666836
32666835
32666834
32666833
32666832
32666831
32666830
32666829
32666828
32666827
32666826
32666825
32666824
32666823
32666822
32666821
32666820
32666819
32666818
32666817
32666816
32666815
32666814
32666813
32666812
32666811
32666810
32666809
32666808
32666807
32666806
32666805
32666804
32666803
32666802
32666801
32666800
32666799
32666798
32666797
32666796
32666795
32666794
32666793
32666792
32666791
32666790
32666789
32666788
32666787
32666786
32666785
32666784
32666783
32666782
32666781
32666780
32666779
32666778
32666777
32666776
32666775
32666774
32666773
32666772
32666771
32666770
32666769
32666768
32666767
32666766
32666765
32666764
32666763
32666762
32666761
32666760
32666759
32666758
32666757
32666756
32666755
32666754
32666753
32666752
32666751
32666750
32666749
32666748
32666747
32666746
32666745
32666744
32666743
32666742
32666741
32666740
32666739
32666738
32666737
32666736
32666735
32666734
32666733
32666732
32666731
32666730
32666729
32666728
32666727
32666726
32666725
32666724
32666723
32666722
32666721
32666720
32666719
32666718
32666717
32666716
32666715
32666714
32666713
32666712
32666711
32666710
32666709
32666708
32666707
32666706
32666705
32666704
32666703
32666702
32666701
32666700
32666699
32666698
32666697
32666696
32666695
32666694
32666693
32666692
32666691
32666690
32666689
32666688
32666687
32666686
32666685
32666684
32666683
32666682
32666681
32666680
32666679
32666678
32666677
32666676
32666675
32666674
32666673
32666672
32666671
32666670
32666669
32666668
32666667
32666666
32666665
32666664
32666663
32666662
32666661
32666660
32666659
32666658
32666657
32666656
32666655
32666654
32666653
32666652
32666651
32666650
32666649
32666648
32666647
32666646
32666645
32666644
32666643
32666642
32666641
32666640
32666639
32666638
32666637
32666636
32666635
32666634
32666633
32666632
32666631
32666630
32666629
32666628
32666627
32666626
32666625
32666624
32666623
32666622
32666621
32666620
32666619
32666618
32666617
32666616
32666615
32666614
32666613
32666612
32666611
32666610
32666609
32666608
32666607
32666606
32666605
32666604
32666603
32666602
32666601
32666600
32666599
32666598
32666597
32666596
32666595
32666594
32666593
32666592
32666591
32666590
32666589
32666588
32666587
32666586
32666585
32666584
32666583
32666582
32666581
32666580
32666579
32666578
32666577
32666576
32666575
32666574
32666573
32666572
32666571
32666570
32666569
32666568
32666567
32666566
32666565
32666564
32666563
32666562
32666561
32666560
32666559
32666558
32666557
32666556
32666555
32666554
32666553
32666552
32666551
32666550
32666549
32666548
32666547
32666546
32666545
32666544
32666543
32666542
32666541
32666540
32666539
32666538
32666537
32666536
32666535
32666534
32666533
32666532
32666531
32666530
32666529
32666528
32666527
32666526
32666525
32666524
32666523
32666522
32666521
32666520
32666519
32666518
32666517
32666516
32666515
32666514
32666513
32666512
32666511
32666510
32666509
32666508
32666507
32666506
32666505
32666504
32666503
32666502
32666501
32666500
32666499
32666498
32666497
32666496
32666495
32666494
32666493
32666492
32666491
32666490
32666489
32666488
32666487
32666486
32666485
32666484
32666483
32666482
32666481
32666480
32666479
32666478
32666477
32666476
32666475
32666474
32666473
32666472
32666471
32666470
32666469
32666468
32666467
32666466
32666465
32666464
32666463
32666462
32666461
32666460
32666459
32666458
32666457
32666456
32666455
32666454
32666453
32666452
32666451
32666450
32666449
32666448
32666447
32666446
32666445
32666444
32666443
32666442
32666441
32666440
32666439
32666438
32666437
32666436
32666435
32666434
32666433
32666432
32666431
32666430
32666429
32666428
32666427
32666426
32666425
32666424
32666423
32666422
32666421
32666420
32666419
32666418
32666417
32666416
32666415
32666414
32666413
32666412
32666411
32666410
32666409
32666408
32666407
32666406
32666405
32666404
32666403
32666402
32666401
32666400
32666399
32666398
32666397
32666396
32666395
32666394
32666393
32666392
32666391
32666390
32666389
32666388
32666387
32666386
32666385
32666384
32666383
32666382
32666381
32666380
32666379
32666378
32666377
32666376
32666375
32666374
32666373
32666372
32666371
32666370
32666369
32666368
32666367
32666366
32666365
32666364
32666363
32666362
32666361
32666360
32666359
32666358
32666357
32666356
32666355
32666354
32666353
32666352
32666351
32666350
32666349
32666348
32666347
32666346
32666345
32666344
32666343
32666342
32666341
32666340
32666339
32666338
32666337
32666336
32666335
32666334
32666333
32666332
32666331
32666330
32666329
32666328
32666327
32666326
32666325
32666324
32666323
32666322
32666321
32666320
32666319
32666318
32666317
32666316
32666315
32666314
32666313
32666312
32666311
32666310
32666309
32666308
32666307
32666306
32666305
32666304
32666303
32666302
32666301
32666300
32666299
32666298
32666297
32666296
32666295
32666294
32666293
32666292
32666291
32666290
32666289
32666288
32666287
32666286
32666285
32666284
32666283
32666282
32666281
32666280
32666279
32666278
32666277
32666276
32666275
32666274
32666273
32666272
32666271
32666270
32666269
32666268
32666267
32666266
32666265
32666264
32666263
32666262
32666261
32666260
32666259
32666258
32666257
32666256
32666255
32666254
32666253
32666252
32666251
32666250
32666249
32666248
32666247
32666246
32666245
32666244
32666243
32666242
32666241
32666240
32666239
32666238
32666237
32666236
32666235
32666234
32666233
32666232
32666231
32666230
32666229
32666228
32666227
32666226
32666225
32666224
32666223
32666222
32666221
32666220
32666219
32666218
32666217
32666216
32666215
32666214
32666213
32666212
32666211
32666210
32666209
32666208
32666207
32666206
32666205
32666204
32666203
32666202
32666201
32666200
32666199
32666198
32666197
32666196
32666195
32666194
32666193
32666192
32666191
32666190
32666189
32666188
32666187
32666186
32666185
32666184
32666183
32666182
32666181
32666180
32666179
32666178
32666177
32666176
32666175
32666174
32666173
32666172
32666171
32666170
32666169
32666168
32666167
32666166
32666165
32666164
32666163
32666162
32666161
32666160
32666159
32666158
32666157
32666156
32666155
32666154
32666153
32666152
32666151
32666150
32666149
32666148
32666147
32666146
32666145
32666144
32666143
32666142
32666141
32666140
32666139
32666138
32666137
32666136
32666135
32666134
32666133
32666132
32666131
32666130
32666129
32666128
32666127
32666126
32666125
32666124
32666123
32666122
32666121
32666120
32666119
32666118
32666117
32666116
32666115
32666114
32666113
32666112
32666111
32666110
32666109
32666108
32666107
32666106
32666105
32666104
32666103
32666102
32666101
32666100
32666099
32666098
32666097
32666096
32666095
32666094
32666093
32666092
32666091
32666090
32666089
32666088
32666087
32666086
32666085
32666084
32666083
32666082
32666081
32666080
32666079
32666078
32666077
32666076
32666075
32666074
32666073
32666072
32666071
32666070
32666069
32666068
32666067
32666066
32666065
32666064
32666063
32666062
32666061
32666060
32666059
32666058
32666057
32666056
32666055
32666054
32666053
32666052
32666051
32666050
32666049
32666048
32666047
32666046
32666045
32666044
32666043
32666042
32666041
32666040
32666039
32666038
32666037
32666036
32666035
32666034
32666033
32666032
32666031
32666030
32666029
32666028
32666027
32666026
32666025
32666024
32666023
32666022
32666021
32666020
32666019
32666018
32666017
32666016
32666015
32666014
32666013
32666012
32666011
32666010
32666009
32666008
32666007
32666006
32666005
32666004
32666003
32666002
32666001
32666000
32665999
32665998
32665997
32665996
32665995
32665994
32665993
32665992
32665991
32665990
32665989
32665988
32665987
32665986
32665985
32665984
32665983
32665982
32665981
32665980
32665979
32665978
32665977
32665976
32665975
32665974
32665973
32665972
32665971
32665970
32665969
32665968
32665967
32665966
32665965
32665964
32665963
32665962
32665961
32665960
32665959
32665958
32665957
32665956
32665955
32665954
32665953
32665952
32665951
32665950
32665949
32665948
32665947
32665946
32665945
32665944
32665943
32665942
32665941
32665940
32665939
32665938
32665937
32665936
32665935
32665934
32665933
32665932
32665931
32665930
32665929
32665928
32665927
32665926
32665925
32665924
32665923
32665922
32665921
32665920
32665919
32665918
32665917
32665916
32665915
32665914
32665913
32665912
32665911
32665910
32665909
32665908
32665907
32665906
32665905
32665904
32665903
32665902
32665901
32665900
32665899
32665898
32665897
32665896
32665895
32665894
32665893
32665892
32665891
32665890
32665889
32665888
32665887
32665886
32665885
32665884
32665883
32665882
32665881
32665880
32665879
32665878
32665877
32665876
32665875
32665874
32665873
32665872
32665871
32665870
32665869
32665868
32665867
32665866
32665865
32665864
32665863
32665862
32665861
32665860
32665859
32665858
32665857
32665856
32665855
32665854
32665853
32665852
32665851
32665850
32665849
32665848
32665847
32665846
32665845
32665844
32665843
32665842
32665841
32665840
32665839
32665838
32665837
32665836
32665835
32665834
32665833
32665832
32665831
32665830
32665829
32665828
32665827
32665826
32665825
32665824
32665823
32665822
32665821
32665820
32665819
32665818
32665817
32665816
32665815
32665814
32665813
32665812
32665811
32665810
32665809
32665808
32665807
32665806
32665805
32665804
32665803
32665802
32665801
32665800
32665799
32665798
32665797
32665796
32665795
32665794
32665793
32665792
32665791
32665790
32665789
32665788
32665787
32665786
32665785
32665784
32665783
32665782
32665781
32665780
32665779
32665778
32665777
32665776
32665775
32665774
32665773
32665772
32665771
32665770
32665769
32665768
32665767
32665766
32665765
32665764
32665763
32665762
32665761
32665760
32665759
32665758
32665757
32665756
32665755
32665754
32665753
32665752
32665751
32665750
32665749
32665748
32665747
32665746
32665745
32665744
32665743
32665742
32665741
32665740
32665739
32665738
32665737
32665736
32665735
32665734
32665733
32665732
32665731
32665730
32665729
32665728
32665727
32665726
32665725
32665724
32665723
32665722
32665721
32665720
32665719
32665718
32665717
32665716
32665715
32665714
32665713
32665712
32665711
32665710
32665709
32665708
32665707
32665706
32665705
32665704
32665703
32665702
32665701
32665700
32665699
32665698
32665697
32665696
32665695
32665694
32665693
32665692
32665691
32665690
32665689
32665688
32665687
32665686
32665685
32665684
32665683
32665682
32665681
32665680
32665679
32665678
32665677
32665676
32665675
32665674
32665673
32665672
32665671
32665670
32665669
32665668
32665667
32665666
32665665
32665664
32665663
32665662
32665661
32665660
32665659
32665658
32665657
32665656
32665655
32665654
32665653
32665652
32665651
32665650
32665649
32665648
32665647
32665646
32665645
32665644
32665643
32665642
32665641
32665640
32665639
32665638
32665637
32665636
32665635
32665634
32665633
32665632
32665631
32665630
32665629
32665628
32665627
32665626
32665625
32665624
32665623
32665622
32665621
32665620
32665619
32665618
32665617
32665616
32665615
32665614
32665613
32665612
32665611
32665610
32665609
32665608
32665607
32665606
32665605
32665604
32665603
32665602
32665601
32665600
32665599
32665598
32665597
32665596
32665595
32665594
32665593
32665592
32665591
32665590
32665589
32665588
32665587
32665586
32665585
32665584
32665583
32665582
32665581
32665580
32665579
32665578
32665577
32665576
32665575
32665574
32665573
32665572
32665571
32665570
32665569
32665568
32665567
32665566
32665565
32665564
32665563
32665562
32665561
32665560
32665559
32665558
32665557
32665556
32665555
32665554
32665553
32665552
32665551
32665550
32665549
32665548
32665547
32665546
32665545
32665544
32665543
32665542
32665541
32665540
32665539
32665538
32665537
32665536
32665535
32665534
32665533
32665532
32665531
32665530
32665529
32665528
32665527
32665526
32665525
32665524
32665523
32665522
32665521
32665520
32665519
32665518
32665517
32665516
32665515
32665514
32665513
32665512
32665511
32665510
32665509
32665508
32665507
32665506
32665505
32665504
32665503
32665502
32665501
32665500
32665499
32665498
32665497
32665496
32665495
32665494
32665493
32665492
32665491
32665490
32665489
32665488
32665487
32665486
32665485
32665484
32665483
32665482
32665481
32665480
32665479
32665478
32665477
32665476
32665475
32665474
32665473
32665472
32665471
32665470
32665469
32665468
32665467
32665466
32665465
32665464
32665463
32665462
32665461
32665460
32665459
32665458
32665457
32665456
32665455
32665454
32665453
32665452
32665451
32665450
32665449
32665448
32665447
32665446
32665445
32665444
32665443
32665442
32665441
32665440
32665439
32665438
32665437
32665436
32665435
32665434
32665433
32665432
32665431
32665430
32665429
32665428
32665427
32665426
32665425
32665424
32665423
32665422
32665421
32665420
32665419
32665418
32665417
32665416
32665415
32665414
32665413
32665412
32665411
32665410
32665409
32665408
32665407
32665406
32665405
32665404
32665403
32665402
32665401
32665400
32665399
32665398
32665397
32665396
32665395
32665394
32665393
32665392
32665391
32665390
32665389
32665388
32665387
32665386
32665385
32665384
32665383
32665382
32665381
32665380
32665379
32665378
32665377
32665376
32665375
32665374
32665373
32665372
32665371
32665370
32665369
32665368
32665367
32665366
32665365
32665364
32665363
32665362
32665361
32665360
32665359
32665358
32665357
32665356
32665355
32665354
32665353
32665352
32665351
32665350
32665349
32665348
32665347
32665346
32665345
32665344
32665343
32665342
32665341
32665340
32665339
32665338
32665337
32665336
32665335
32665334
32665333
32665332
32665331
32665330
32665329
32665328
32665327
32665326
32665325
32665324
32665323
32665322
32665321
32665320
32665319
32665318
32665317
32665316
32665315
32665314
32665313
32665312
32665311
32665310
32665309
32665308
32665307
32665306
32665305
32665304
32665303
32665302
32665301
32665300
32665299
32665298
32665297
32665296
32665295
32665294
32665293
32665292
32665291
32665290
32665289
32665288
32665287
32665286
32665285
32665284
32665283
32665282
32665281
32665280
32665279
32665278
32665277
32665276
32665275
32665274
32665273
32665272
32665271
32665270
32665269
32665268
32665267
32665266
32665265
32665264
32665263
32665262
32665261
32665260
32665259
32665258
32665257
32665256
32665255
32665254
32665253
32665252
32665251
32665250
32665249
32665248
32665247
32665246
32665245
32665244
32665243
32665242
32665241
32665240
32665239
32665238
32665237
32665236
32665235
32665234
32665233
32665232
32665231
32665230
32665229
32665228
32665227
32665226
32665225
32665224
32665223
32665222
32665221
32665220
32665219
32665218
32665217
32665216
32665215
32665214
32665213
32665212
32665211
32665210
32665209
32665208
32665207
32665206
32665205
32665204
32665203
32665202
32665201
32665200
32665199
32665198
32665197
32665196
32665195
32665194
32665193
32665192
32665191
32665190
32665189
32665188
32665187
32665186
32665185
32665184
32665183
32665182
32665181
32665180
32665179
32665178
32665177
32665176
32665175
32665174
32665173
32665172
32665171
32665170
32665169
32665168
32665167
32665166
32665165
32665164
32665163
32665162
32665161
32665160
32665159
32665158
32665157
32665156
32665155
32665154
32665153
32665152
32665151
32665150
32665149
32665148
32665147
32665146
32665145
32665144
32665143
32665142
32665141
32665140
32665139
32665138
32665137
32665136
32665135
32665134
32665133
32665132
32665131
32665130
32665129
32665128
32665127
32665126
32665125
32665124
32665123
32665122
32665121
32665120
32665119
32665118
32665117
32665116
32665115
32665114
32665113
32665112
32665111
32665110
32665109
32665108
32665107
32665106
32665105
32665104
32665103
32665102
32665101
32665100
32665099
32665098
32665097
32665096
32665095
32665094
32665093
32665092
32665091
32665090
32665089
32665088
32665087
32665086
32665085
32665084
32665083
32665082
32665081
32665080
32665079
32665078
32665077
32665076
32665075
32665074
32665073
32665072
32665071
32665070
32665069
32665068
32665067
32665066
32665065
32665064
32665063
32665062
32665061
32665060
32665059
32665058
32665057
32665056
32665055
32665054
32665053
32665052
32665051
32665050
32665049
32665048
32665047
32665046
32665045
32665044
32665043
32665042
32665041
32665040
32665039
32665038
32665037
32665036
32665035
32665034
32665033
32665032
32665031
32665030
32665029
32665028
32665027
32665026
32665025
32665024
32665023
32665022
32665021
32665020
32665019
32665018
32665017
32665016
32665015
32665014
32665013
32665012
32665011
32665010
32665009
32665008
32665007
32665006
32665005
32665004
32665003
32665002
32665001
32665000
32664999
32664998
32664997
32664996
32664995
32664994
32664993
32664992
32664991
32664990
32664989
32664988
32664987
32664986
32664985
32664984
32664983
32664982
32664981
32664980
32664979
32664978
32664977
32664976
32664975
32664974
32664973
32664972
32664971
32664970
32664969
32664968
32664967
32664966
32664965
32664964
32664963
32664962
32664961
32664960
32664959
32664958
32664957
32664956
32664955
32664954
32664953
32664952
32664951
32664950
32664949
32664948
32664947
32664946
32664945
32664944
32664943
32664942
32664941
32664940
32664939
32664938
32664937
32664936
32664935
32664934
32664933
32664932
32664931
32664930
32664929
32664928
32664927
32664926
32664925
32664924
32664923
32664922
32664921
32664920
32664919
32664918
32664917
32664916
32664915
32664914
32664913
32664912
32664911
32664910
32664909
32664908
32664907
32664906
32664905
32664904
32664903
32664902
32664901
32664900
32664899
32664898
32664897
32664896
32664895
32664894
32664893
32664892
32664891
32664890
32664889
32664888
32664887
32664886
32664885
32664884
32664883
32664882
32664881
32664880
32664879
32664878
32664877
32664876
32664875
32664874
32664873
32664872
32664871
32664870
32664869
32664868
32664867
32664866
32664865
32664864
32664863
32664862
32664861
32664860
32664859
32664858
32664857
32664856
32664855
32664854
32664853
32664852
32664851
32664850
32664849
32664848
32664847
32664846
32664845
32664844
32664843
32664842
32664841
32664840
32664839
32664838
32664837
32664836
32664835
32664834
32664833
32664832
32664831
32664830
32664829
32664828
32664827
32664826
32664825
32664824
32664823
32664822
32664821
32664820
32664819
32664818
32664817
32664816
32664815
32664814
32664813
32664812
32664811
32664810
32664809
32664808
32664807
32664806
32664805
32664804
32664803
32664802
32664801
32664800
32664799
32664798
32664797
32664796
32664795
32664794
32664793
32664792
32664791
32664790
32664789
32664788
32664787
32664786
32664785
32664784
32664783
32664782
32664781
32664780
32664779
32664778
32664777
32664776
32664775
32664774
32664773
32664772
32664771
32664770
32664769
32664768
32664767
32664766
32664765
32664764
32664763
32664762
32664761
32664760
32664759
32664758
32664757
32664756
32664755
32664754
32664753
32664752
32664751
32664750
32664749
32664748
32664747
32664746
32664745
32664744
32664743
32664742
32664741
32664740
32664739
32664738
32664737
32664736
32664735
32664734
32664733
32664732
32664731
32664730
32664729
32664728
32664727
32664726
32664725
32664724
32664723
32664722
32664721
32664720
32664719
32664718
32664717
32664716
32664715
32664714
32664713
32664712
32664711
32664710
32664709
32664708
32664707
32664706
32664705
32664704
32664703
32664702
32664701
32664700
32664699
32664698
32664697
32664696
32664695
32664694
32664693
32664692
32664691
32664690
32664689
32664688
32664687
32664686
32664685
32664684
32664683
32664682
32664681
32664680
32664679
32664678
32664677
32664676
32664675
32664674
32664673
32664672
32664671
32664670
32664669
32664668
32664667
32664666
32664665
32664664
32664663
32664662
32664661
32664660
32664659
32664658
32664657
32664656
32664655
32664654
32664653
32664652
32664651
32664650
32664649
32664648
32664647
32664646
32664645
32664644
32664643
32664642
32664641
32664640
32664639
32664638
32664637
32664636
32664635
32664634
32664633
32664632
32664631
32664630
32664629
32664628
32664627
32664626
32664625
32664624
32664623
32664622
32664621
32664620
32664619
32664618
32664617
32664616
32664615
32664614
32664613
32664612
32664611
32664610
32664609
32664608
32664607
32664606
32664605
32664604
32664603
32664602
32664601
32664600
32664599
32664598
32664597
32664596
32664595
32664594
32664593
32664592
32664591
32664590
32664589
32664588
32664587
32664586
32664585
32664584
32664583
32664582
32664581
32664580
32664579
32664578
32664577
32664576
32664575
32664574
32664573
32664572
32664571
32664570
32664569
32664568
32664567
32664566
32664565
32664564
32664563
32664562
32664561
32664560
32664559
32664558
32664557
32664556
32664555
32664554
32664553
32664552
32664551
32664550
32664549
32664548
32664547
32664546
32664545
32664544
32664543
32664542
32664541
32664540
32664539
32664538
32664537
32664536
32664535
32664534
32664533
32664532
32664531
32664530
32664529
32664528
32664527
32664526
32664525
32664524
32664523
32664522
32664521
32664520
32664519
32664518
32664517
32664516
32664515
32664514
32664513
32664512
32664511
32664510
32664509
32664508
32664507
32664506
32664505
32664504
32664503
32664502
32664501
32664500
32664499
32664498
32664497
32664496
32664495
32664494
32664493
32664492
32664491
32664490
32664489
32664488
32664487
32664486
32664485
32664484
32664483
32664482
32664481
32664480
32664479
32664478
32664477
32664476
32664475
32664474
32664473
32664472
32664471
32664470
32664469
32664468
32664467
32664466
32664465
32664464
32664463
32664462
32664461
32664460
32664459
32664458
32664457
32664456
32664455
32664454
32664453
32664452
32664451
32664450
32664449
32664448
32664447
32664446
32664445
32664444
32664443
32664442
32664441
32664440
32664439
32664438
32664437
32664436
32664435
32664434
32664433
32664432
32664431
32664430
32664429
32664428
32664427
32664426
32664425
32664424
32664423
32664422
32664421
32664420
32664419
32664418
32664417
32664416
32664415
32664414
32664413
32664412
32664411
32664410
32664409
32664408
32664407
32664406
32664405
32664404
32664403
32664402
32664401
32664400
32664399
32664398
32664397
32664396
32664395
32664394
32664393
32664392
32664391
32664390
32664389
32664388
32664387
32664386
32664385
32664384
32664383
32664382
32664381
32664380
32664379
32664378
32664377
32664376
32664375
32664374
32664373
32664372
32664371
32664370
32664369
32664368
32664367
32664366
32664365
32664364
32664363
32664362
32664361
32664360
32664359
32664358
32664357
32664356
32664355
32664354
32664353
32664352
32664351
32664350
32664349
32664348
32664347
32664346
32664345
32664344
32664343
32664342
32664341
32664340
32664339
32664338
32664337
32664336
32664335
32664334
32664333
32664332
32664331
32664330
32664329
32664328
32664327
32664326
32664325
32664324
32664323
32664322
32664321
32664320
32664319
32664318
32664317
32664316
32664315
32664314
32664313
32664312
32664311
32664310
32664309
32664308
32664307
32664306
32664305
32664304
32664303
32664302
32664301
32664300
32664299
32664298
32664297
32664296
32664295
32664294
32664293
32664292
32664291
32664290
32664289
32664288
32664287
32664286
32664285
32664284
32664283
32664282
32664281
32664280
32664279
32664278
32664277
32664276
32664275
32664274
32664273
32664272
32664271
32664270
32664269
32664268
32664267
32664266
32664265
32664264
32664263
32664262
32664261
32664260
32664259
32664258
32664257
32664256
32664255
32664254
32664253
32664252
32664251
32664250
32664249
32664248
32664247
32664246
32664245
32664244
32664243
32664242
32664241
32664240
32664239
32664238
32664237
32664236
32664235
32664234
32664233
32664232
32664231
32664230
32664229
32664228
32664227
32664226
32664225
32664224
32664223
32664222
32664221
32664220
32664219
32664218
32664217
32664216
32664215
32664214
32664213
32664212
32664211
32664210
32664209
32664208
32664207
32664206
32664205
32664204
32664203
32664202
32664201
32664200
32664199
32664198
32664197
32664196
32664195
32664194
32664193
32664192
32664191
32664190
32664189
32664188
32664187
32664186
32664185
32664184
32664183
32664182
32664181
32664180
32664179
32664178
32664177
32664176
32664175
32664174
32664173
32664172
32664171
32664170
32664169
32664168
32664167
32664166
32664165
32664164
32664163
32664162
32664161
32664160
32664159
32664158
32664157
32664156
32664155
32664154
32664153
32664152
32664151
32664150
32664149
32664148
32664147
32664146
32664145
32664144
32664143
32664142
32664141
32664140
32664139
32664138
32664137
32664136
32664135
32664134
32664133
32664132
32664131
32664130
32664129
32664128
32664127
32664126
32664125
32664124
32664123
32664122
32664121
32664120
32664119
32664118
32664117
32664116
32664115
32664114
32664113
32664112
32664111
32664110
32664109
32664108
32664107
32664106
32664105
32664104
32664103
32664102
32664101
32664100
32664099
32664098
32664097
32664096
32664095
32664094
32664093
32664092
32664091
32664090
32664089
32664088
32664087
32664086
32664085
32664084
32664083
32664082
32664081
32664080
32664079
32664078
32664077
32664076
32664075
32664074
32664073
32664072
32664071
32664070
32664069
32664068
32664067
32664066
32664065
32664064
32664063
32664062
32664061
32664060
32664059
32664058
32664057
32664056
32664055
32664054
32664053
32664052
32664051
32664050
32664049
32664048
32664047
32664046
32664045
32664044
32664043
32664042
32664041
32664040
32664039
32664038
32664037
32664036
32664035
32664034
32664033
32664032
32664031
32664030
32664029
32664028
32664027
32664026
32664025
32664024
32664023
32664022
32664021
32664020
32664019
32664018
32664017
32664016
32664015
32664014
32664013
32664012
32664011
32664010
32664009
32664008
32664007
32664006
32664005
32664004
32664003
32664002
32664001
32664000
32663999
32663998
32663997
32663996
32663995
32663994
32663993
32663992
32663991
32663990
32663989
32663988
32663987
32663986
32663985
32663984
32663983
32663982
32663981
32663980
32663979
32663978
32663977
32663976
32663975
32663974
32663973
32663972
32663971
32663970
32663969
32663968
32663967
32663966
32663965
32663964
32663963
32663962
32663961
32663960
32663959
32663958
32663957
32663956
32663955
32663954
32663953
32663952
32663951
32663950
32663949
32663948
32663947
32663946
32663945
32663944
32663943
32663942
32663941
32663940
32663939
32663938
32663937
32663936
32663935
32663934
32663933
32663932
32663931
32663930
32663929
32663928
32663927
32663926
32663925
32663924
32663923
32663922
32663921
32663920
32663919
32663918
32663917
32663916
32663915
32663914
32663913
32663912
32663911
32663910
32663909
32663908
32663907
32663906
32663905
32663904
32663903
32663902
32663901
32663900
32663899
32663898
32663897
32663896
32663895
32663894
32663893
32663892
32663891
32663890
32663889
32663888
32663887
32663886
32663885
32663884
32663883
32663882
32663881
32663880
32663879
32663878
32663877
32663876
32663875
32663874
32663873
32663872
32663871
32663870
32663869
32663868
32663867
32663866
32663865
32663864
32663863
32663862
32663861
32663860
32663859
32663858
32663857
32663856
32663855
32663854
32663853
32663852
32663851
32663850
32663849
32663848
32663847
32663846
32663845
32663844
32663843
32663842
32663841
32663840
32663839
32663838
32663837
32663836
32663835
32663834
32663833
32663832
32663831
32663830
32663829
32663828
32663827
32663826
32663825
32663824
32663823
32663822
32663821
32663820
32663819
32663818
32663817
32663816
32663815
32663814
32663813
32663812
32663811
32663810
32663809
32663808
32663807
32663806
32663805
32663804
32663803
32663802
32663801
32663800
32663799
32663798
32663797
32663796
32663795
32663794
32663793
32663792
32663791
32663790
32663789
32663788
32663787
32663786
32663785
32663784
32663783
32663782
32663781
32663780
32663779
32663778
32663777
32663776
32663775
32663774
32663773
32663772
32663771
32663770
32663769
32663768
32663767
32663766
32663765
32663764
32663763
32663762
32663761
32663760
32663759
32663758
32663757
32663756
32663755
32663754
32663753
32663752
32663751
32663750
32663749
32663748
32663747
32663746
32663745
32663744
32663743
32663742
32663741
32663740
32663739
32663738
32663737
32663736
32663735
32663734
32663733
32663732
32663731
32663730
32663729
32663728
32663727
32663726
32663725
32663724
32663723
32663722
32663721
32663720
32663719
32663718
32663717
32663716
32663715
32663714
32663713
32663712
32663711
32663710
32663709
32663708
32663707
32663706
32663705
32663704
32663703
32663702
32663701
32663700
32663699
32663698
32663697
32663696
32663695
32663694
32663693
32663692
32663691
32663690
32663689
32663688
32663687
32663686
32663685
32663684
32663683
32663682
32663681
32663680
32663679
32663678
32663677
32663676
32663675
32663674
32663673
32663672
32663671
32663670
32663669
32663668
32663667
32663666
32663665
32663664
32663663
32663662
32663661
32663660
32663659
32663658
32663657
32663656
32663655
32663654
32663653
32663652
32663651
32663650
32663649
32663648
32663647
32663646
32663645
32663644
32663643
32663642
32663641
32663640
32663639
32663638
32663637
32663636
32663635
32663634
32663633
32663632
32663631
32663630
32663629
32663628
32663627
32663626
32663625
32663624
32663623
32663622
32663621
32663620
32663619
32663618
32663617
32663616
32663615
32663614
32663613
32663612
32663611
32663610
32663609
32663608
32663607
32663606
32663605
32663604
32663603
32663602
32663601
32663600
32663599
32663598
32663597
32663596
32663595
32663594
32663593
32663592
32663591
32663590
32663589
32663588
32663587
32663586
32663585
32663584
32663583
32663582
32663581
32663580
32663579
32663578
32663577
32663576
32663575
32663574
32663573
32663572
32663571
32663570
32663569
32663568
32663567
32663566
32663565
32663564
32663563
32663562
32663561
32663560
32663559
32663558
32663557
32663556
32663555
32663554
32663553
32663552
32663551
32663550
32663549
32663548
32663547
32663546
32663545
32663544
32663543
32663542
32663541
32663540
32663539
32663538
32663537
32663536
32663535
32663534
32663533
32663532
32663531
32663530
32663529
32663528
32663527
32663526
32663525
32663524
32663523
32663522
32663521
32663520
32663519
32663518
32663517
32663516
32663515
32663514
32663513
32663512
32663511
32663510
32663509
32663508
32663507
32663506
32663505
32663504
32663503
32663502
32663501
32663500
32663499
32663498
32663497
32663496
32663495
32663494
32663493
32663492
32663491
32663490
32663489
32663488
32663487
32663486
32663485
32663484
32663483
32663482
32663481
32663480
32663479
32663478
32663477
32663476
32663475
32663474
32663473
32663472
32663471
32663470
32663469
32663468
32663467
32663466
32663465
32663464
32663463
32663462
32663461
32663460
32663459
32663458
32663457
32663456
32663455
32663454
32663453
32663452
32663451
32663450
32663449
32663448
32663447
32663446
32663445
32663444
32663443
32663442
32663441
32663440
32663439
32663438
32663437
32663436
32663435
32663434
32663433
32663432
32663431
32663430
32663429
32663428
32663427
32663426
32663425
32663424
32663423
32663422
32663421
32663420
32663419
32663418
32663417
32663416
32663415
32663414
32663413
32663412
32663411
32663410
32663409
32663408
32663407
32663406
32663405
32663404
32663403
32663402
32663401
32663400
32663399
32663398
32663397
32663396
32663395
32663394
32663393
32663392
32663391
32663390
32663389
32663388
32663387
32663386
32663385
32663384
32663383
32663382
32663381
32663380
32663379
32663378
32663377
32663376
32663375
32663374
32663373
32663372
32663371
32663370
32663369
32663368
32663367
32663366
32663365
32663364
32663363
32663362
32663361
32663360
32663359
32663358
32663357
32663356
32663355
32663354
32663353
32663352
32663351
32663350
32663349
32663348
32663347
32663346
32663345
32663344
32663343
32663342
32663341
32663340
32663339
32663338
32663337
32663336
32663335
32663334
32663333
32663332
32663331
32663330
32663329
32663328
32663327
32663326
32663325
32663324
32663323
32663322
32663321
32663320
32663319
32663318
32663317
32663316
32663315
32663314
32663313
32663312
32663311
32663310
32663309
32663308
32663307
32663306
32663305
32663304
32663303
32663302
32663301
32663300
32663299
32663298
32663297
32663296
32663295
32663294
32663293
32663292
32663291
32663290
32663289
32663288
32663287
32663286
32663285
32663284
32663283
32663282
32663281
32663280
32663279
32663278
32663277
32663276
32663275
32663274
32663273
32663272
32663271
32663270
32663269
32663268
32663267
32663266
32663265
32663264
32663263
32663262
32663261
32663260
32663259
32663258
32663257
32663256
32663255
32663254
32663253
32663252
32663251
32663250
32663249
32663248
32663247
32663246
32663245
32663244
32663243
32663242
32663241
32663240
32663239
32663238
32663237
32663236
32663235
32663234
32663233
32663232
32663231
32663230
32663229
32663228
32663227
32663226
32663225
32663224
32663223
32663222
32663221
32663220
32663219
32663218
32663217
32663216
32663215
32663214
32663213
32663212
32663211
32663210
32663209
32663208
32663207
32663206
32663205
32663204
32663203
32663202
32663201
32663200
32663199
32663198
32663197
32663196
32663195
32663194
32663193
32663192
32663191
32663190
32663189
32663188
32663187
32663186
32663185
32663184
32663183
32663182
32663181
32663180
32663179
32663178
32663177
32663176
32663175
32663174
32663173
32663172
32663171
32663170
32663169
32663168
32663167
32663166
32663165
32663164
32663163
32663162
32663161
32663160
32663159
32663158
32663157
32663156
32663155
32663154
32663153
32663152
32663151
32663150
32663149
32663148
32663147
32663146
32663145
32663144
32663143
32663142
32663141
32663140
32663139
32663138
32663137
32663136
32663135
32663134
32663133
32663132
32663131
32663130
32663129
32663128
32663127
32663126
32663125
32663124
32663123
32663122
32663121
32663120
32663119
32663118
32663117
32663116
32663115
32663114
32663113
32663112
32663111
32663110
32663109
32663108
32663107
32663106
32663105
32663104
32663103
32663102
32663101
32663100
32663099
32663098
32663097
32663096
32663095
32663094
32663093
32663092
32663091
32663090
32663089
32663088
32663087
32663086
32663085
32663084
32663083
32663082
32663081
32663080
32663079
32663078
32663077
32663076
32663075
32663074
32663073
32663072
32663071
32663070
32663069
32663068
32663067
32663066
32663065
32663064
32663063
32663062
32663061
32663060
32663059
32663058
32663057
32663056
32663055
32663054
32663053
32663052
32663051
32663050
32663049
32663048
32663047
32663046
32663045
32663044
32663043
32663042
32663041
32663040
32663039
32663038
32663037
32663036
32663035
32663034
32663033
32663032
32663031
32663030
32663029
32663028
32663027
32663026
32663025
32663024
32663023
32663022
32663021
32663020
32663019
32663018
32663017
32663016
32663015
32663014
32663013
32663012
32663011
32663010
32663009
32663008
32663007
32663006
32663005
32663004
32663003
32663002
32663001
32663000
32662999
32662998
32662997
32662996
32662995
32662994
32662993
32662992
32662991
32662990
32662989
32662988
32662987
32662986
32662985
32662984
32662983
32662982
32662981
32662980
32662979
32662978
32662977
32662976
32662975
32662974
32662973
32662972
32662971
32662970
32662969
32662968
32662967
32662966
32662965
32662964
32662963
32662962
32662961
32662960
32662959
32662958
32662957
32662956
32662955
32662954
32662953
32662952
32662951
32662950
32662949
32662948
32662947
32662946
32662945
32662944
32662943
32662942
32662941
32662940
32662939
32662938
32662937
32662936
32662935
32662934
32662933
32662932
32662931
32662930
32662929
32662928
32662927
32662926
32662925
32662924
32662923
32662922
32662921
32662920
32662919
32662918
32662917
32662916
32662915
32662914
32662913
32662912
32662911
32662910
32662909
32662908
32662907
32662906
32662905
32662904
32662903
32662902
32662901
32662900
32662899
32662898
32662897
32662896
32662895
32662894
32662893
32662892
32662891
32662890
32662889
32662888
32662887
32662886
32662885
32662884
32662883
32662882
32662881
32662880
32662879
32662878
32662877
32662876
32662875
32662874
32662873
32662872
32662871
32662870
32662869
32662868
32662867
32662866
32662865
32662864
32662863
32662862
32662861
32662860
32662859
32662858
32662857
32662856
32662855
32662854
32662853
32662852
32662851
32662850
32662849
32662848
32662847
32662846
32662845
32662844
32662843
32662842
32662841
32662840
32662839
32662838
32662837
32662836
32662835
32662834
32662833
32662832
32662831
32662830
32662829
32662828
32662827
32662826
32662825
32662824
32662823
32662822
32662821
32662820
32662819
32662818
32662817
32662816
32662815
32662814
32662813
32662812
32662811
32662810
32662809
32662808
32662807
32662806
32662805
32662804
32662803
32662802
32662801
32662800
32662799
32662798
32662797
32662796
32662795
32662794
32662793
32662792
32662791
32662790
32662789
32662788
32662787
32662786
32662785
32662784
32662783
32662782
32662781
32662780
32662779
32662778
32662777
32662776
32662775
32662774
32662773
32662772
32662771
32662770
32662769
32662768
32662767
32662766
32662765
32662764
32662763
32662762
32662761
32662760
32662759
32662758
32662757
32662756
32662755
32662754
32662753
32662752
32662751
32662750
32662749
32662748
32662747
32662746
32662745
32662744
32662743
32662742
32662741
32662740
32662739
32662738
32662737
32662736
32662735
32662734
32662733
32662732
32662731
32662730
32662729
32662728
32662727
32662726
32662725
32662724
32662723
32662722
32662721
32662720
32662719
32662718
32662717
32662716
32662715
32662714
32662713
32662712
32662711
32662710
32662709
32662708
32662707
32662706
32662705
32662704
32662703
32662702
32662701
32662700
32662699
32662698
32662697
32662696
32662695
32662694
32662693
32662692
32662691
32662690
32662689
32662688
32662687
32662686
32662685
32662684
32662683
32662682
32662681
32662680
32662679
32662678
32662677
32662676
32662675
32662674
32662673
32662672
32662671
32662670
32662669
32662668
32662667
32662666
32662665
32662664
32662663
32662662
32662661
32662660
32662659
32662658
32662657
32662656
32662655
32662654
32662653
32662652
32662651
32662650
32662649
32662648
32662647
32662646
32662645
32662644
32662643
32662642
32662641
32662640
32662639
32662638
32662637
32662636
32662635
32662634
32662633
32662632
32662631
32662630
32662629
32662628
32662627
32662626
32662625
32662624
32662623
32662622
32662621
32662620
32662619
32662618
32662617
32662616
32662615
32662614
32662613
32662612
32662611
32662610
32662609
32662608
32662607
32662606
32662605
32662604
32662603
32662602
32662601
32662600
32662599
32662598
32662597
32662596
32662595
32662594
32662593
32662592
32662591
32662590
32662589
32662588
32662587
32662586
32662585
32662584
32662583
32662582
32662581
32662580
32662579
32662578
32662577
32662576
32662575
32662574
32662573
32662572
32662571
32662570
32662569
32662568
32662567
32662566
32662565
32662564
32662563
32662562
32662561
32662560
32662559
32662558
32662557
32662556
32662555
32662554
32662553
32662552
32662551
32662550
32662549
32662548
32662547
32662546
32662545
32662544
32662543
32662542
32662541
32662540
32662539
32662538
32662537
32662536
32662535
32662534
32662533
32662532
32662531
32662530
32662529
32662528
32662527
32662526
32662525
32662524
32662523
32662522
32662521
32662520
32662519
32662518
32662517
32662516
32662515
32662514
32662513
32662512
32662511
32662510
32662509
32662508
32662507
32662506
32662505
32662504
32662503
32662502
32662501
32662500
32662499
32662498
32662497
32662496
32662495
32662494
32662493
32662492
32662491
32662490
32662489
32662488
32662487
32662486
32662485
32662484
32662483
32662482
32662481
32662480
32662479
32662478
32662477
32662476
32662475
32662474
32662473
32662472
32662471
32662470
32662469
32662468
32662467
32662466
32662465
32662464
32662463
32662462
32662461
32662460
32662459
32662458
32662457
32662456
32662455
32662454
32662453
32662452
32662451
32662450
32662449
32662448
32662447
32662446
32662445
32662444
32662443
32662442
32662441
32662440
32662439
32662438
32662437
32662436
32662435
32662434
32662433
32662432
32662431
32662430
32662429
32662428
32662427
32662426
32662425
32662424
32662423
32662422
32662421
32662420
32662419
32662418
32662417
32662416
32662415
32662414
32662413
32662412
32662411
32662410
32662409
32662408
32662407
32662406
32662405
32662404
32662403
32662402
32662401
32662400
32662399
32662398
32662397
32662396
32662395
32662394
32662393
32662392
32662391
32662390
32662389
32662388
32662387
32662386
32662385
32662384
32662383
32662382
32662381
32662380
32662379
32662378
32662377
32662376
32662375
32662374
32662373
32662372
32662371
32662370
32662369
32662368
32662367
32662366
32662365
32662364
32662363
32662362
32662361
32662360
32662359
32662358
32662357
32662356
32662355
32662354
32662353
32662352
32662351
32662350
32662349
32662348
32662347
32662346
32662345
32662344
32662343
32662342
32662341
32662340
32662339
32662338
32662337
32662336
32662335
32662334
32662333
32662332
32662331
32662330
32662329
32662328
32662327
32662326
32662325
32662324
32662323
32662322
32662321
32662320
32662319
32662318
32662317
32662316
32662315
32662314
32662313
32662312
32662311
32662310
32662309
32662308
32662307
32662306
32662305
32662304
32662303
32662302
32662301
32662300
32662299
32662298
32662297
32662296
32662295
32662294
32662293
32662292
32662291
32662290
32662289
32662288
32662287
32662286
32662285
32662284
32662283
32662282
32662281
32662280
32662279
32662278
32662277
32662276
32662275
32662274
32662273
32662272
32662271
32662270
32662269
32662268
32662267
32662266
32662265
32662264
32662263
32662262
32662261
32662260
32662259
32662258
32662257
32662256
32662255
32662254
32662253
32662252
32662251
32662250
32662249
32662248
32662247
32662246
32662245
32662244
32662243
32662242
32662241
32662240
32662239
32662238
32662237
32662236
32662235
32662234
32662233
32662232
32662231
32662230
32662229
32662228
32662227
32662226
32662225
32662224
32662223
32662222
32662221
32662220
32662219
32662218
32662217
32662216
32662215
32662214
32662213
32662212
32662211
32662210
32662209
32662208
32662207
32662206
32662205
32662204
32662203
32662202
32662201
32662200
32662199
32662198
32662197
32662196
32662195
32662194
32662193
32662192
32662191
32662190
32662189
32662188
32662187
32662186
32662185
32662184
32662183
32662182
32662181
32662180
32662179
32662178
32662177
32662176
32662175
32662174
32662173
32662172
32662171
32662170
32662169
32662168
32662167
32662166
32662165
32662164
32662163
32662162
32662161
32662160
32662159
32662158
32662157
32662156
32662155
32662154
32662153
32662152
32662151
32662150
32662149
32662148
32662147
32662146
32662145
32662144
32662143
32662142
32662141
32662140
32662139
32662138
32662137
32662136
32662135
32662134
32662133
32662132
32662131
32662130
32662129
32662128
32662127
32662126
32662125
32662124
32662123
32662122
32662121
32662120
32662119
32662118
32662117
32662116
32662115
32662114
32662113
32662112
32662111
32662110
32662109
32662108
32662107
32662106
32662105
32662104
32662103
32662102
32662101
32662100
32662099
32662098
32662097
32662096
32662095
32662094
32662093
32662092
32662091
32662090
32662089
32662088
32662087
32662086
32662085
32662084
32662083
32662082
32662081
32662080
32662079
32662078
32662077
32662076
32662075
32662074
32662073
32662072
32662071
32662070
32662069
32662068
32662067
32662066
32662065
32662064
32662063
32662062
32662061
32662060
32662059
32662058
32662057
32662056
32662055
32662054
32662053
32662052
32662051
32662050
32662049
32662048
32662047
32662046
32662045
32662044
32662043
32662042
32662041
32662040
32662039
32662038
32662037
32662036
32662035
32662034
32662033
32662032
32662031
32662030
32662029
32662028
32662027
32662026
32662025
32662024
32662023
32662022
32662021
32662020
32662019
32662018
32662017
32662016
32662015
32662014
32662013
32662012
32662011
32662010
32662009
32662008
32662007
32662006
32662005
32662004
32662003
32662002
32662001
32662000
32661999
32661998
32661997
32661996
32661995
32661994
32661993
32661992
32661991
32661990
32661989
32661988
32661987
32661986
32661985
32661984
32661983
32661982
32661981
32661980
32661979
32661978
32661977
32661976
32661975
32661974
32661973
32661972
32661971
32661970
32661969
32661968
32661967
32661966
32661965
32661964
32661963
32661962
32661961
32661960
32661959
32661958
32661957
32661956
32661955
32661954
32661953
32661952
32661951
32661950
32661949
32661948
32661947
32661946
32661945
32661944
32661943
32661942
32661941
32661940
32661939
32661938
32661937
32661936
32661935
32661934
32661933
32661932
32661931
32661930
32661929
32661928
32661927
32661926
32661925
32661924
32661923
32661922
32661921
32661920
32661919
32661918
32661917
32661916
32661915
32661914
32661913
32661912
32661911
32661910
32661909
32661908
32661907
32661906
32661905
32661904
32661903
32661902
32661901
32661900
32661899
32661898
32661897
32661896
32661895
32661894
32661893
32661892
32661891
32661890
32661889
32661888
32661887
32661886
32661885
32661884
32661883
32661882
32661881
32661880
32661879
32661878
32661877
32661876
32661875
32661874
32661873
32661872
32661871
32661870
32661869
32661868
32661867
32661866
32661865
32661864
32661863
32661862
32661861
32661860
32661859
32661858
32661857
32661856
32661855
32661854
32661853
32661852
32661851
32661850
32661849
32661848
32661847
32661846
32661845
32661844
32661843
32661842
32661841
32661840
32661839
32661838
32661837
32661836
32661835
32661834
32661833
32661832
32661831
32661830
32661829
32661828
32661827
32661826
32661825
32661824
32661823
32661822
32661821
32661820
32661819
32661818
32661817
32661816
32661815
32661814
32661813
32661812
32661811
32661810
32661809
32661808
32661807
32661806
32661805
32661804
32661803
32661802
32661801
32661800
32661799
32661798
32661797
32661796
32661795
32661794
32661793
32661792
32661791
32661790
32661789
32661788
32661787
32661786
32661785
32661784
32661783
32661782
32661781
32661780
32661779
32661778
32661777
32661776
32661775
32661774
32661773
32661772
32661771
32661770
32661769
32661768
32661767
32661766
32661765
32661764
32661763
32661762
32661761
32661760
32661759
32661758
32661757
32661756
32661755
32661754
32661753
32661752
32661751
32661750
32661749
32661748
32661747
32661746
32661745
32661744
32661743
32661742
32661741
32661740
32661739
32661738
32661737
32661736
32661735
32661734
32661733
32661732
32661731
32661730
32661729
32661728
32661727
32661726
32661725
32661724
32661723
32661722
32661721
32661720
32661719
32661718
32661717
32661716
32661715
32661714
32661713
32661712
32661711
32661710
32661709
32661708
32661707
32661706
32661705
32661704
32661703
32661702
32661701
32661700
32661699
32661698
32661697
32661696
32661695
32661694
32661693
32661692
32661691
32661690
32661689
32661688
32661687
32661686
32661685
32661684
32661683
32661682
32661681
32661680
32661679
32661678
32661677
32661676
32661675
32661674
32661673
32661672
32661671
32661670
32661669
32661668
32661667
32661666
32661665
32661664
32661663
32661662
32661661
32661660
32661659
32661658
32661657
32661656
32661655
32661654
32661653
32661652
32661651
32661650
32661649
32661648
32661647
32661646
32661645
32661644
32661643
32661642
32661641
32661640
32661639
32661638
32661637
32661636
32661635
32661634
32661633
32661632
32661631
32661630
32661629
32661628
32661627
32661626
32661625
32661624
32661623
32661622
32661621
32661620
32661619
32661618
32661617
32661616
32661615
32661614
32661613
32661612
32661611
32661610
32661609
32661608
32661607
32661606
32661605
32661604
32661603
32661602
32661601
32661600
32661599
32661598
32661597
32661596
32661595
32661594
32661593
32661592
32661591
32661590
32661589
32661588
32661587
32661586
32661585
32661584
32661583
32661582
32661581
32661580
32661579
32661578
32661577
32661576
32661575
32661574
32661573
32661572
32661571
32661570
32661569
32661568
32661567
32661566
32661565
32661564
32661563
32661562
32661561
32661560
32661559
32661558
32661557
32661556
32661555
32661554
32661553
32661552
32661551
32661550
32661549
32661548
32661547
32661546
32661545
32661544
32661543
32661542
32661541
32661540
32661539
32661538
32661537
32661536
32661535
32661534
32661533
32661532
32661531
32661530
32661529
32661528
32661527
32661526
32661525
32661524
32661523
32661522
32661521
32661520
32661519
32661518
32661517
32661516
32661515
32661514
32661513
32661512
32661511
32661510
32661509
32661508
32661507
32661506
32661505
32661504
32661503
32661502
32661501
32661500
32661499
32661498
32661497
32661496
32661495
32661494
32661493
32661492
32661491
32661490
32661489
32661488
32661487
32661486
32661485
32661484
32661483
32661482
32661481
32661480
32661479
32661478
32661477
32661476
32661475
32661474
32661473
32661472
32661471
32661470
32661469
32661468
32661467
32661466
32661465
32661464
32661463
32661462
32661461
32661460
32661459
32661458
32661457
32661456
32661455
32661454
32661453
32661452
32661451
32661450
32661449
32661448
32661447
32661446
32661445
32661444
32661443
32661442
32661441
32661440
32661439
32661438
32661437
32661436
32661435
32661434
32661433
32661432
32661431
32661430
32661429
32661428
32661427
32661426
32661425
32661424
32661423
32661422
32661421
32661420
32661419
32661418
32661417
32661416
32661415
32661414
32661413
32661412
32661411
32661410
32661409
32661408
32661407
32661406
32661405
32661404
32661403
32661402
32661401
32661400
32661399
32661398
32661397
32661396
32661395
32661394
32661393
32661392
32661391
32661390
32661389
32661388
32661387
32661386
32661385
32661384
32661383
32661382
32661381
32661380
32661379
32661378
32661377
32661376
32661375
32661374
32661373
32661372
32661371
32661370
32661369
32661368
32661367
32661366
32661365
32661364
32661363
32661362
32661361
32661360
32661359
32661358
32661357
32661356
32661355
32661354
32661353
32661352
32661351
32661350
32661349
32661348
32661347
32661346
32661345
32661344
32661343
32661342
32661341
32661340
32661339
32661338
32661337
32661336
32661335
32661334
32661333
32661332
32661331
32661330
32661329
32661328
32661327
32661326
32661325
32661324
32661323
32661322
32661321
32661320
32661319
32661318
32661317
32661316
32661315
32661314
32661313
32661312
32661311
32661310
32661309
32661308
32661307
32661306
32661305
32661304
32661303
32661302
32661301
32661300
32661299
32661298
32661297
32661296
32661295
32661294
32661293
32661292
32661291
32661290
32661289
32661288
32661287
32661286
32661285
32661284
32661283
32661282
32661281
32661280
32661279
32661278
32661277
32661276
32661275
32661274
32661273
32661272
32661271
32661270
32661269
32661268
32661267
32661266
32661265
32661264
32661263
32661262
32661261
32661260
32661259
32661258
32661257
32661256
32661255
32661254
32661253
32661252
32661251
32661250
32661249
32661248
32661247
32661246
32661245
32661244
32661243
32661242
32661241
32661240
32661239
32661238
32661237
32661236
32661235
32661234
32661233
32661232
32661231
32661230
32661229
32661228
32661227
32661226
32661225
32661224
32661223
32661222
32661221
32661220
32661219
32661218
32661217
32661216
32661215
32661214
32661213
32661212
32661211
32661210
32661209
32661208
32661207
32661206
32661205
32661204
32661203
32661202
32661201
32661200
32661199
32661198
32661197
32661196
32661195
32661194
32661193
32661192
32661191
32661190
32661189
32661188
32661187
32661186
32661185
32661184
32661183
32661182
32661181
32661180
32661179
32661178
32661177
32661176
32661175
32661174
32661173
32661172
32661171
32661170
32661169
32661168
32661167
32661166
32661165
32661164
32661163
32661162
32661161
32661160
32661159
32661158
32661157
32661156
32661155
32661154
32661153
32661152
32661151
32661150
32661149
32661148
32661147
32661146
32661145
32661144
32661143
32661142
32661141
32661140
32661139
32661138
32661137
32661136
32661135
32661134
32661133
32661132
32661131
32661130
32661129
32661128
32661127
32661126
32661125
32661124
32661123
32661122
32661121
32661120
32661119
32661118
32661117
32661116
32661115
32661114
32661113
32661112
32661111
32661110
32661109
32661108
32661107
32661106
32661105
32661104
32661103
32661102
32661101
32661100
32661099
32661098
32661097
32661096
32661095
32661094
32661093
32661092
32661091
32661090
32661089
32661088
32661087
32661086
32661085
32661084
32661083
32661082
32661081
32661080
32661079
32661078
32661077
32661076
32661075
32661074
32661073
32661072
32661071
32661070
32661069
32661068
32661067
32661066
32661065
32661064
32661063
32661062
32661061
32661060
32661059
32661058
32661057
32661056
32661055
32661054
32661053
32661052
32661051
32661050
32661049
32661048
32661047
32661046
32661045
32661044
32661043
32661042
32661041
32661040
32661039
32661038
32661037
32661036
32661035
32661034
32661033
32661032
32661031
32661030
32661029
32661028
32661027
32661026
32661025
32661024
32661023
32661022
32661021
32661020
32661019
32661018
32661017
32661016
32661015
32661014
32661013
32661012
32661011
32661010
32661009
32661008
32661007
32661006
32661005
32661004
32661003
32661002
32661001
32661000
32660999
32660998
32660997
32660996
32660995
32660994
32660993
32660992
32660991
32660990
32660989
32660988
32660987
32660986
32660985
32660984
32660983
32660982
32660981
32660980
32660979
32660978
32660977
32660976
32660975
32660974
32660973
32660972
32660971
32660970
32660969
32660968
32660967
32660966
32660965
32660964
32660963
32660962
32660961
32660960
32660959
32660958
32660957
32660956
32660955
32660954
32660953
32660952
32660951
32660950
32660949
32660948
32660947
32660946
32660945
32660944
32660943
32660942
32660941
32660940
32660939
32660938
32660937
32660936
32660935
32660934
32660933
32660932
32660931
32660930
32660929
32660928
32660927
32660926
32660925
32660924
32660923
32660922
32660921
32660920
32660919
32660918
32660917
32660916
32660915
32660914
32660913
32660912
32660911
32660910
32660909
32660908
32660907
32660906
32660905
32660904
32660903
32660902
32660901
32660900
32660899
32660898
32660897
32660896
32660895
32660894
32660893
32660892
32660891
32660890
32660889
32660888
32660887
32660886
32660885
32660884
32660883
32660882
32660881
32660880
32660879
32660878
32660877
32660876
32660875
32660874
32660873
32660872
32660871
32660870
32660869
32660868
32660867
32660866
32660865
32660864
32660863
32660862
32660861
32660860
32660859
32660858
32660857
32660856
32660855
32660854
32660853
32660852
32660851
32660850
32660849
32660848
32660847
32660846
32660845
32660844
32660843
32660842
32660841
32660840
32660839
32660838
32660837
32660836
32660835
32660834
32660833
32660832
32660831
32660830
32660829
32660828
32660827
32660826
32660825
32660824
32660823
32660822
32660821
32660820
32660819
32660818
32660817
32660816
32660815
32660814
32660813
32660812
32660811
32660810
32660809
32660808
32660807
32660806
32660805
32660804
32660803
32660802
32660801
32660800
32660799
32660798
32660797
32660796
32660795
32660794
32660793
32660792
32660791
32660790
32660789
32660788
32660787
32660786
32660785
32660784
32660783
32660782
32660781
32660780
32660779
32660778
32660777
32660776
32660775
32660774
32660773
32660772
32660771
32660770
32660769
32660768
32660767
32660766
32660765
32660764
32660763
32660762
32660761
32660760
32660759
32660758
32660757
32660756
32660755
32660754
32660753
32660752
32660751
32660750
32660749
32660748
32660747
32660746
32660745
32660744
32660743
32660742
32660741
32660740
32660739
32660738
32660737
32660736
32660735
32660734
32660733
32660732
32660731
32660730
32660729
32660728
32660727
32660726
32660725
32660724
32660723
32660722
32660721
32660720
32660719
32660718
32660717
32660716
32660715
32660714
32660713
32660712
32660711
32660710
32660709
32660708
32660707
32660706
32660705
32660704
32660703
32660702
32660701
32660700
32660699
32660698
32660697
32660696
32660695
32660694
32660693
32660692
32660691
32660690
32660689
32660688
32660687
32660686
32660685
32660684
32660683
32660682
32660681
32660680
32660679
32660678
32660677
32660676
32660675
32660674
32660673
32660672
32660671
32660670
32660669
32660668
32660667
32660666
32660665
32660664
32660663
32660662
32660661
32660660
32660659
32660658
32660657
32660656
32660655
32660654
32660653
32660652
32660651
32660650
32660649
32660648
32660647
32660646
32660645
32660644
32660643
32660642
32660641
32660640
32660639
32660638
32660637
32660636
32660635
32660634
32660633
32660632
32660631
32660630
32660629
32660628
32660627
32660626
32660625
32660624
32660623
32660622
32660621
32660620
32660619
32660618
32660617
32660616
32660615
32660614
32660613
32660612
32660611
32660610
32660609
32660608
32660607
32660606
32660605
32660604
32660603
32660602
32660601
32660600
32660599
32660598
32660597
32660596
32660595
32660594
32660593
32660592
32660591
32660590
32660589
32660588
32660587
32660586
32660585
32660584
32660583
32660582
32660581
32660580
32660579
32660578
32660577
32660576
32660575
32660574
32660573
32660572
32660571
32660570
32660569
32660568
32660567
32660566
32660565
32660564
32660563
32660562
32660561
32660560
32660559
32660558
32660557
32660556
32660555
32660554
32660553
32660552
32660551
32660550
32660549
32660548
32660547
32660546
32660545
32660544
32660543
32660542
32660541
32660540
32660539
32660538
32660537
32660536
32660535
32660534
32660533
32660532
32660531
32660530
32660529
32660528
32660527
32660526
32660525
32660524
32660523
32660522
32660521
32660520
32660519
32660518
32660517
32660516
32660515
32660514
32660513
32660512
32660511
32660510
32660509
32660508
32660507
32660506
32660505
32660504
32660503
32660502
32660501
32660500
32660499
32660498
32660497
32660496
32660495
32660494
32660493
32660492
32660491
32660490
32660489
32660488
32660487
32660486
32660485
32660484
32660483
32660482
32660481
32660480
32660479
32660478
32660477
32660476
32660475
32660474
32660473
32660472
32660471
32660470
32660469
32660468
32660467
32660466
32660465
32660464
32660463
32660462
32660461
32660460
32660459
32660458
32660457
32660456
32660455
32660454
32660453
32660452
32660451
32660450
32660449
32660448
32660447
32660446
32660445
32660444
32660443
32660442
32660441
32660440
32660439
32660438
32660437
32660436
32660435
32660434
32660433
32660432
32660431
32660430
32660429
32660428
32660427
32660426
32660425
32660424
32660423
32660422
32660421
32660420
32660419
32660418
32660417
32660416
32660415
32660414
32660413
32660412
32660411
32660410
32660409
32660408
32660407
32660406
32660405
32660404
32660403
32660402
32660401
32660400
32660399
32660398
32660397
32660396
32660395
32660394
32660393
32660392
32660391
32660390
32660389
32660388
32660387
32660386
32660385
32660384
32660383
32660382
32660381
32660380
32660379
32660378
32660377
32660376
32660375
32660374
32660373
32660372
32660371
32660370
32660369
32660368
32660367
32660366
32660365
32660364
32660363
32660362
32660361
32660360
32660359
32660358
32660357
32660356
32660355
32660354
32660353
32660352
32660351
32660350
32660349
32660348
32660347
32660346
32660345
32660344
32660343
32660342
32660341
32660340
32660339
32660338
32660337
32660336
32660335
32660334
32660333
32660332
32660331
32660330
32660329
32660328
32660327
32660326
32660325
32660324
32660323
32660322
32660321
32660320
32660319
32660318
32660317
32660316
32660315
32660314
32660313
32660312
32660311
32660310
32660309
32660308
32660307
32660306
32660305
32660304
32660303
32660302
32660301
32660300
32660299
32660298
32660297
32660296
32660295
32660294
32660293
32660292
32660291
32660290
32660289
32660288
32660287
32660286
32660285
32660284
32660283
32660282
32660281
32660280
32660279
32660278
32660277
32660276
32660275
32660274
32660273
32660272
32660271
32660270
32660269
32660268
32660267
32660266
32660265
32660264
32660263
32660262
32660261
32660260
32660259
32660258
32660257
32660256
32660255
32660254
32660253
32660252
32660251
32660250
32660249
32660248
32660247
32660246
32660245
32660244
32660243
32660242
32660241
32660240
32660239
32660238
32660237
32660236
32660235
32660234
32660233
32660232
32660231
32660230
32660229
32660228
32660227
32660226
32660225
32660224
32660223
32660222
32660221
32660220
32660219
32660218
32660217
32660216
32660215
32660214
32660213
32660212
32660211
32660210
32660209
32660208
32660207
32660206
32660205
32660204
32660203
32660202
32660201
32660200
32660199
32660198
32660197
32660196
32660195
32660194
32660193
32660192
32660191
32660190
32660189
32660188
32660187
32660186
32660185
32660184
32660183
32660182
32660181
32660180
32660179
32660178
32660177
32660176
32660175
32660174
32660173
32660172
32660171
32660170
32660169
32660168
32660167
32660166
32660165
32660164
32660163
32660162
32660161
32660160
32660159
32660158
32660157
32660156
32660155
32660154
32660153
32660152
32660151
32660150
32660149
32660148
32660147
32660146
32660145
32660144
32660143
32660142
32660141
32660140
32660139
32660138
32660137
32660136
32660135
32660134
32660133
32660132
32660131
32660130
32660129
32660128
32660127
32660126
32660125
32660124
32660123
32660122
32660121
32660120
32660119
32660118
32660117
32660116
32660115
32660114
32660113
32660112
32660111
32660110
32660109
32660108
32660107
32660106
32660105
32660104
32660103
32660102
32660101
32660100
32660099
32660098
32660097
32660096
32660095
32660094
32660093
32660092
32660091
32660090
32660089
32660088
32660087
32660086
32660085
32660084
32660083
32660082
32660081
32660080
32660079
32660078
32660077
32660076
32660075
32660074
32660073
32660072
32660071
32660070
32660069
32660068
32660067
32660066
32660065
32660064
32660063
32660062
32660061
32660060
32660059
32660058
32660057
32660056
32660055
32660054
32660053
32660052
32660051
32660050
32660049
32660048
32660047
32660046
32660045
32660044
32660043
32660042
32660041
32660040
32660039
32660038
32660037
32660036
32660035
32660034
32660033
32660032
32660031
32660030
32660029
32660028
32660027
32660026
32660025
32660024
32660023
32660022
32660021
32660020
32660019
32660018
32660017
32660016
32660015
32660014
32660013
32660012
32660011
32660010
32660009
32660008
32660007
32660006
32660005
32660004
32660003
32660002
32660001
32660000
32659999
32659998
32659997
32659996
32659995
32659994
32659993
32659992
32659991
32659990
32659989
32659988
32659987
32659986
32659985
32659984
32659983
32659982
32659981
32659980
32659979
32659978
32659977
32659976
32659975
32659974
32659973
32659972
32659971
32659970
32659969
32659968
32659967
32659966
32659965
32659964
32659963
32659962
32659961
32659960
32659959
32659958
32659957
32659956
32659955
32659954
32659953
32659952
32659951
32659950
32659949
32659948
32659947
32659946
32659945
32659944
32659943
32659942
32659941
32659940
32659939
32659938
32659937
32659936
32659935
32659934
32659933
32659932
32659931
32659930
32659929
32659928
32659927
32659926
32659925
32659924
32659923
32659922
32659921
32659920
32659919
32659918
32659917
32659916
32659915
32659914
32659913
32659912
32659911
32659910
32659909
32659908
32659907
32659906
32659905
32659904
32659903
32659902
32659901
32659900
32659899
32659898
32659897
32659896
32659895
32659894
32659893
32659892
32659891
32659890
32659889
32659888
32659887
32659886
32659885
32659884
32659883
32659882
32659881
32659880
32659879
32659878
32659877
32659876
32659875
32659874
32659873
32659872
32659871
32659870
32659869
32659868
32659867
32659866
32659865
32659864
32659863
32659862
32659861
32659860
32659859
32659858
32659857
32659856
32659855
32659854
32659853
32659852
32659851
32659850
32659849
32659848
32659847
32659846
32659845
32659844
32659843
32659842
32659841
32659840
32659839
32659838
32659837
32659836
32659835
32659834
32659833
32659832
32659831
32659830
32659829
32659828
32659827
32659826
32659825
32659824
32659823
32659822
32659821
32659820
32659819
32659818
32659817
32659816
32659815
32659814
32659813
32659812
32659811
32659810
32659809
32659808
32659807
32659806
32659805
32659804
32659803
32659802
32659801
32659800
32659799
32659798
32659797
32659796
32659795
32659794
32659793
32659792
32659791
32659790
32659789
32659788
32659787
32659786
32659785
32659784
32659783
32659782
32659781
32659780
32659779
32659778
32659777
32659776
32659775
32659774
32659773
32659772
32659771
32659770
32659769
32659768
32659767
32659766
32659765
32659764
32659763
32659762
32659761
32659760
32659759
32659758
32659757
32659756
32659755
32659754
32659753
32659752
32659751
32659750
32659749
32659748
32659747
32659746
32659745
32659744
32659743
32659742
32659741
32659740
32659739
32659738
32659737
32659736
32659735
32659734
32659733
32659732
32659731
32659730
32659729
32659728
32659727
32659726
32659725
32659724
32659723
32659722
32659721
32659720
32659719
32659718
32659717
32659716
32659715
32659714
32659713
32659712
32659711
32659710
32659709
32659708
32659707
32659706
32659705
32659704
32659703
32659702
32659701
32659700
32659699
32659698
32659697
32659696
32659695
32659694
32659693
32659692
32659691
32659690
32659689
32659688
32659687
32659686
32659685
32659684
32659683
32659682
32659681
32659680
32659679
32659678
32659677
32659676
32659675
32659674
32659673
32659672
32659671
32659670
32659669
32659668
32659667
32659666
32659665
32659664
32659663
32659662
32659661
32659660
32659659
32659658
32659657
32659656
32659655
32659654
32659653
32659652
32659651
32659650
32659649
32659648
32659647
32659646
32659645
32659644
32659643
32659642
32659641
32659640
32659639
32659638
32659637
32659636
32659635
32659634
32659633
32659632
32659631
32659630
32659629
32659628
32659627
32659626
32659625
32659624
32659623
32659622
32659621
32659620
32659619
32659618
32659617
32659616
32659615
32659614
32659613
32659612
32659611
32659610
32659609
32659608
32659607
32659606
32659605
32659604
32659603
32659602
32659601
32659600
32659599
32659598
32659597
32659596
32659595
32659594
32659593
32659592
32659591
32659590
32659589
32659588
32659587
32659586
32659585
32659584
32659583
32659582
32659581
32659580
32659579
32659578
32659577
32659576
32659575
32659574
32659573
32659572
32659571
32659570
32659569
32659568
32659567
32659566
32659565
32659564
32659563
32659562
32659561
32659560
32659559
32659558
32659557
32659556
32659555
32659554
32659553
32659552
32659551
32659550
32659549
32659548
32659547
32659546
32659545
32659544
32659543
32659542
32659541
32659540
32659539
32659538
32659537
32659536
32659535
32659534
32659533
32659532
32659531
32659530
32659529
32659528
32659527
32659526
32659525
32659524
32659523
32659522
32659521
32659520
32659519
32659518
32659517
32659516
32659515
32659514
32659513
32659512
32659511
32659510
32659509
32659508
32659507
32659506
32659505
32659504
32659503
32659502
32659501
32659500
32659499
32659498
32659497
32659496
32659495
32659494
32659493
32659492
32659491
32659490
32659489
32659488
32659487
32659486
32659485
32659484
32659483
32659482
32659481
32659480
32659479
32659478
32659477
32659476
32659475
32659474
32659473
32659472
32659471
32659470
32659469
32659468
32659467
