31272071
31272070
31272069
31272068
31272067
31272066
31272065
31272064
31272063
31272062
31272061
31272060
31272059
31272058
31272057
31272056
31272055
31272054
31272053
31272052
31272051
31272050
31272049
31272048
31272047
31272046
31272045
31272044
31272043
31272042
31272041
31272040
31272039
31272038
31272037
31272036
31272035
31272034
31272033
31272032
31272031
31272030
31272029
31272028
31272027
31272026
31272025
31272024
31272023
31272022
31272021
31272020
31272019
31272018
31272017
31272016
31272015
31272014
31272013
31272012
31272011
31272010
31272009
31272008
31272007
31272006
31272005
31272004
31272003
31272002
31272001
31272000
31271999
31271868
31271867
31271866
31271865
31271864
31271863
31271862
31271861
31271860
31271859
31271858
31271857
31271856
31271855
31271854
31271853
31271852
31271851
31271850
31271849
31271848
31271847
31271846
31271845
31271844
31271843
31271842
31271841
31271840
31271839
31271838
31271837
31271836
31271835
31271834
31271833
31271832
31271831
31271830
31271829
31271828
31271827
31271826
31271825
31271824
31271823
31271822
31271821
31271820
31271819
31271818
31271817
31271816
31271815
31271814
31271813
31271812
31271811
31271810
31271809
31271808
31271807
31271806
31271805
31271804
31271803
31271802
31271801
31271800
31271799
31271798
31271797
31271796
31271795
31271794
31271793
31271792
31271791
31271790
31271789
31271788
31271787
31271786
31271785
31271784
31271783
31271782
31271781
31271780
31271779
31271778
31271777
31271776
31271775
31271774
31271773
31271772
31271771
31271770
31271769
31271768
31271767
31271766
31271765
31271764
31271763
31271762
31271761
31271760
31271759
31271758
31271757
31271756
31271755
31271754
31271753
31271752
31271751
31271750
31271749
31271748
31271747
31271746
31271745
31271744
31271743
31271742
31271741
31271740
31271739
31271738
31271737
31271736
31271735
31271734
31271733
31271732
31271731
31271730
31271729
31271728
31271727
31271726
31271725
31271724
31271723
31271722
31271721
31271720
31271719
31271718
31271717
31271716
31271715
31271714
31271713
31271712
31271711
31271710
31271709
31271708
31271707
31271706
31271705
31271704
31271703
31271702
31271701
31271700
31271699
31271698
31271697
31271696
31271695
31271694
31271693
31271692
31271691
31271690
31271689
31271688
31271687
31271686
31271685
31271684
31271683
31271682
31271681
31271680
31271679
31271678
31271677
31271676
31271675
31271674
31271673
31271672
31271671
31271670
31271669
31271668
31271667
31271666
31271665
31271664
31271663
31271662
31271661
31271660
31271659
31271658
31271657
31271656
31271655
31271654
31271653
31271652
31271651
31271650
31271649
31271648
31271647
31271646
31271645
31271644
31271643
31271642
31271641
31271640
31271639
31271638
31271637
31271636
31271635
31271634
31271633
31271632
31271631
31271630
31271629
31271628
31271627
31271626
31271625
31271624
31271623
31271622
31271621
31271620
31271619
31271618
31271617
31271616
31271615
31271614
31271613
31271612
31271611
31271610
31271609
31271608
31271607
31271606
31271605
31271604
31271603
31271602
31271601
31271600
31271599
31271348
31271347
31271346
31271345
31271344
31271343
31271342
31271341
31271340
31271339
31271338
31271337
31271336
31271335
31271334
31271333
31271332
31271331
31271330
31271329
31271328
31271327
31271326
31271325
31271324
31271323
31271322
31271321
31271320
31271319
31271318
31271317
31271316
31271315
31271314
31271313
31271312
31271311
31271310
31271309
31271308
31271307
31271306
31271305
31271304
31271303
31271302
31271301
31271300
31271299
31271298
31271297
31271296
31271295
31271294
31271293
31271292
31271291
31271290
31271289
31271288
31271287
31271286
31271285
31271284
31271283
31271282
31271281
31271280
31271279
31271278
31271277
31271276
31271275
31271274
31271273
31271272
31271271
31271270
31271269
31271268
31271267
31271266
31271265
31271264
31271263
31271262
31271261
31271260
31271259
31271258
31271257
31271256
31271255
31271254
31271253
31271252
31271251
31271250
31271249
31271248
31271247
31271246
31271245
31271244
31271243
31271242
31271241
31271240
31271239
31271238
31271237
31271236
31271235
31271234
31271233
31271232
31271231
31271230
31271229
31271228
31271227
31271226
31271225
31271224
31271223
31271222
31271221
31271220
31271219
31271218
31271217
31271216
31271215
31271214
31271213
31271212
31271211
31271210
31271209
31271208
31271207
31271206
31271205
31271204
31271203
31271202
31271201
31271200
31271199
31271198
31271197
31271196
31271195
31271194
31271193
31271192
31271191
31271190
31271189
31271188
31271187
31271186
31271185
31271184
31271183
31271182
31271181
31271180
31271179
31271178
31271177
31271176
31271175
31271174
31271173
31271172
31271171
31271170
31271169
31271168
31271167
31271166
31271165
31271164
31271163
31271162
31271161
31271160
31271159
31271158
31271157
31271156
31271155
31271154
31271153
31271152
31271151
31271150
31271149
31271148
31271147
31271146
31271145
31271144
31271143
31271142
31271141
31271140
31271139
31271138
31271137
31271136
31271135
31271134
31271133
31271132
31271131
31271130
31271129
31271128
31271127
31271126
31271125
31271124
31271123
31271122
31271121
31271120
31271119
31271118
31271117
31271116
31271115
31271114
31271113
31271112
31271111
31271110
31271109
31271108
31271107
31271106
31271105
31271104
31271103
31271102
31271101
31271100
31271099
31271098
31271097
31271096
31271095
31271094
31271093
31271092
31271091
31271090
31271089
31271088
31271087
31271086
31271085
31271084
31271083
31271082
31271081
31271080
31271079
31271078
31271077
31271076
31271075
31271074
31271073
31270485
31270484
31270483
31270482
31270481
31270480
31270479
31270478
31270477
31270476
31270475
31270474
31270473
31270472
31270471
31270470
31270469
31270468
31270467
31270466
31270465
31270464
31270463
31270462
31270461
31270460
31270459
31270458
31270457
31270456
31270455
31270454
31270453
31270452
31270451
31270450
31270449
31270448
31270447
31270446
31270445
31270444
31270443
31270442
31270441
31270440
31270439
31270438
31270437
31270436
31270435
31270434
31270433
31270432
31270431
31270430
31270429
31270428
31270427
31270426
31270425
31270424
31270423
31270422
31270421
31270420
31270419
31270418
31270417
31270416
31270415
31270414
31270413
31270412
31270411
31270410
31270409
31270408
31270407
31270406
31270405
31270404
31270403
31270402
31270401
31270400
31270399
31270398
31270397
31270396
31270395
31270394
31270393
31270392
31270391
31270390
31270389
31270388
31270387
31270386
31270385
31270384
31270383
31270382
31270381
31270380
31270379
31270378
31270377
31270376
31270375
31270374
31270373
31270372
31270371
31270370
31270369
31270368
31270367
31270366
31270365
31270364
31270363
31270362
31270361
31270360
31270359
31270358
31270357
31270356
31270355
31270354
31270353
31270352
31270351
31270350
31270349
31270348
31270347
31270346
31270345
31270344
31270343
31270342
31270341
31270340
31270339
31270338
31270337
31270336
31270335
31270334
31270333
31270332
31270331
31270330
31270329
31270328
31270327
31270326
31270325
31270324
31270323
31270322
31270321
31270320
31270319
31270318
31270317
31270316
31270315
31270314
31270313
31270312
31270311
31270310
31270309
31270308
31270307
31270306
31270305
31270304
31270303
31270302
31270301
31270300
31270299
31270298
31270297
31270296
31270295
31270294
31270293
31270292
31270291
31270290
31270289
31270288
31270287
31270286
31270285
31270284
31270283
31270282
31270281
31270280
31270279
31270278
31270277
31270276
31270275
31270274
31270273
31270272
31270271
31270270
31270269
31270268
31270267
31270266
31270265
31270264
31270263
31270262
31270261
31270260
31270259
31270258
31270257
31270256
31270255
31270254
31270253
31270252
31270251
31270250
31270249
31270248
31270247
31270246
31270245
31270244
31270243
31270242
31270241
31270240
31270239
31270238
31270237
31270236
31270235
31270234
31270233
31270232
31270231
31270230
31270229
31270228
31270227
31270226
31270225
31270224
31270223
31270222
31270221
31270220
31270219
31270218
31270217
31270216
31270215
31270214
31270213
31270212
31270211
31270210
31270085
31270084
31270083
31270082
31270081
31270080
31270079
31270078
31270077
31270076
31270075
31270074
31270073
31270072
31270071
31270070
31270069
31270068
31270067
31270066
31270065
31270064
31270063
31270062
31270061
31270060
31270059
31270058
31270057
31270056
31270055
31270054
31270053
31270052
31270051
31270050
31270049
31270048
31270047
31270046
31270045
31270044
31270043
31270042
31270041
31270040
31270039
31270038
31270037
31270036
31270035
31270034
31270033
31270032
31270031
31270030
31270029
31270028
31270027
31270026
31270025
31270024
31270023
31270022
31270021
31270020
31270019
31270018
31270017
31270016
31270015
31270014
31270013
31270012
31270011
31270010
31270009
31270008
31270007
31270006
31270005
31270004
31270003
31270002
31270001
31270000
31269999
31269998
31269997
31269996
31269995
31269994
31269993
31269992
31269991
31269990
31269989
31269988
31269987
31269986
31269985
31269984
31269983
31269982
31269981
31269980
31269979
31269978
31269977
31269976
31269975
31269974
31269973
31269972
31269971
31269970
31269969
31269968
31269967
31269966
31269525
31269524
31269523
31269522
31269521
31269520
31269519
31269518
31269517
31269516
31269515
31269514
31269513
31269512
31269511
31269510
31269509
31269508
31269507
31269506
31269505
31269504
31269503
31269502
31269501
31269500
31269499
31269498
31269497
31269496
31269495
31269494
31269493
31269385
31269384
31269383
31269382
31269381
31269380
31269379
31269378
31269377
31269376
31269375
31269374
31269373
31269372
31269371
31269370
31269369
31269368
31269367
31269366
31269365
31269364
31269363
31269362
31269361
31269360
31269359
31269358
31269357
31269356
31269355
31269354
31269353
31269352
31269351
31269350
31269349
31269348
31269347
31269346
31269345
31269344
31269343
31269342
31269341
31269340
31269339
31269338
31269173
31269172
31269171
31269170
31269169
